#	英雄品阶配置表																																		
#	Id		HeroId	TotalQualityLevel	Quality	QualityLevel	NextId	AttrId0	AttrValue0	AttrId1	AttrValue1	AttrId2	AttrValue2	AttrId3	AttrValue3	AttrId4	AttrValue4	AttrId5	AttrValue5	AttrId6	AttrValue6	AttrId7	AttrValue7	QualityItemId0	QualityItemCount0	QualityItemId1	QualityItemCount1	QualityItemId2	QualityItemCount2	QualityItemId3	QualityItemCount3	QualityItemId4	QualityItemCount4	QualityItemId5	QualityItemCount5
#	int		int	int	int	int	int	int	float	int	float	int	float	int	float	int	float	int	float	int	float	int	float	int	int	int	int	int	int	int	int	int	int	int	int
#	品阶编号	策划备注	英雄编号	总品阶	品质	品阶	下一品阶编号	属性编号0	属性值0	属性编号1	属性值1	属性编号2	属性值2	属性编号3	属性值3	属性编号4	属性值4	属性编号5	属性值5	属性编号6	属性值6	属性编号7	属性值7	品质道具编号0	品质道具数量0	品质道具编号1	品质道具数量1	品质道具编号2	品质道具数量2	品质道具编号3	品质道具数量3	品质道具编号4	品质道具数量4	品质道具编号5	品质道具数量5
	101	亚瑟王-白0	1	1	1	0	102	0	0	0	0	0	0	0	0	0	0	0	0	0	0	0	0	191001	1	191002	1	191003	1	0	0	0	0	0	0
	102	亚瑟王-绿0	1	2	2	0	103	2	18	4	18	1	360	0	0	0	0	0	0	0	0	0	0	191004	1	191005	1	191006	1	191006	1	0	0	0	0
	103	亚瑟王-绿1	1	3	2	1	104	2	42	4	42	1	1160	0	0	0	0	0	0	0	0	0	0	191007	1	191008	1	191009	1	191009	1	0	0	0	0
	104	亚瑟王-蓝0	1	4	3	0	105	2	72	4	72	1	2160	0	0	0	0	0	0	0	0	0	0	191010	1	191011	1	191012	1	191010	1	191012	1	191012	1
	105	亚瑟王-蓝1	1	5	3	1	106	2	134	4	110	1	3880	0	0	0	0	0	0	0	0	0	0	191013	1	191014	1	191015	1	191013	1	191015	1	191015	1
	106	亚瑟王-蓝2	1	6	3	2	107	2	212	4	158	1	6040	0	0	0	0	0	0	0	0	0	0	191016	1	191017	1	191018	1	191016	1	191018	1	191018	1
	107	亚瑟王-紫0	1	7	4	0	108	2	306	4	216	1	8640	0	0	0	0	0	0	0	0	0	0	191019	1	191020	1	191021	1	191019	1	191021	1	191021	1
	108	亚瑟王-紫1	1	8	4	1	109	2	418	4	286	1	11720	0	0	0	0	0	0	0	0	0	0	191022	1	191023	1	191024	1	191022	1	191024	1	191024	1
	109	亚瑟王-紫2	1	9	4	2	110	2	548	4	368	1	15280	0	0	0	0	0	0	0	0	0	0	191025	1	191026	1	191027	1	191025	1	191027	1	191027	1
	110	亚瑟王-紫3	1	10	4	3	111	2	696	4	462	1	19320	0	0	0	0	0	0	0	0	0	0	191028	1	191029	1	191030	1	191028	1	191030	1	191030	1
	111	亚瑟王-橙0	1	11	5	0	112	2	862	4	568	1	23840	0	0	0	0	0	0	0	0	0	0	191031	1	191032	1	191033	1	191031	1	191033	1	191033	1
	112	亚瑟王-橙1	1	12	5	1	113	2	1052	4	690	1	29000	0	0	0	0	0	0	0	0	0	0	191034	1	191035	1	191036	1	191034	1	191036	1	191036	1
	113	亚瑟王-橙2	1	13	5	2	114	2	1266	4	828	1	34800	0	0	0	0	0	0	0	0	0	0	191037	1	191038	1	191039	1	191037	1	191039	1	191039	1
	114	亚瑟王-橙3	1	14	5	3	115	2	1504	4	982	1	41240	0	0	0	0	0	0	0	0	0	0	191040	1	191041	1	191042	1	191040	1	191042	1	191042	1
	115	亚瑟王-橙4	1	15	5	4	0	2	1766	4	1152	1	48320	0	0	0	0	0	0	0	0	0	0	0	0	0	0	0	0	0	0	0	0	0	0
	201	荆轲-白0	2	1	1	0	202	0	0	0	0	0	0	0	0	0	0	0	0	0	0	0	0	191001	1	191002	1	191003	1	0	0	0	0	0	0
	202	荆轲-绿0	2	2	2	0	203	2	18	4	18	1	360	0	0	0	0	0	0	0	0	0	0	191004	1	191005	1	191006	1	191004	1	0	0	0	0
	203	荆轲-绿1	2	3	2	1	204	2	58	4	42	1	840	0	0	0	0	0	0	0	0	0	0	191007	1	191008	1	191009	1	191007	1	0	0	0	0
	204	荆轲-蓝0	2	4	3	0	205	2	108	4	72	1	1440	0	0	0	0	0	0	0	0	0	0	191010	1	191011	1	191012	1	191010	1	191011	1	191010	1
	205	荆轲-蓝1	2	5	3	1	206	2	194	4	134	1	2200	0	0	0	0	0	0	0	0	0	0	191013	1	191014	1	191015	1	191013	1	191014	1	191013	1
	206	荆轲-蓝2	2	6	3	2	207	2	302	4	212	1	3160	0	0	0	0	0	0	0	0	0	0	191016	1	191017	1	191018	1	191016	1	191017	1	191016	1
	207	荆轲-紫0	2	7	4	0	208	2	432	4	306	1	4320	0	0	0	0	0	0	0	0	0	0	191019	1	191020	1	191021	1	191019	1	191020	1	191019	1
	208	荆轲-紫1	2	8	4	1	209	2	586	4	418	1	5720	0	0	0	0	0	0	0	0	0	0	191022	1	191023	1	191024	1	191022	1	191023	1	191022	1
	209	荆轲-紫2	2	9	4	2	210	2	764	4	548	1	7360	0	0	0	0	0	0	0	0	0	0	191025	1	191026	1	191027	1	191025	1	191026	1	191025	1
	210	荆轲-紫3	2	10	4	3	211	2	966	4	696	1	9240	0	0	0	0	0	0	0	0	0	0	191028	1	191029	1	191030	1	191028	1	191029	1	191028	1
	211	荆轲-橙0	2	11	5	0	212	2	1192	4	862	1	11360	0	0	0	0	0	0	0	0	0	0	191031	1	191032	1	191033	1	191031	1	191032	1	191031	1
	212	荆轲-橙1	2	12	5	1	213	2	1450	4	1052	1	13800	0	0	0	0	0	0	0	0	0	0	191034	1	191035	1	191036	1	191034	1	191035	1	191034	1
	213	荆轲-橙2	2	13	5	2	214	2	1740	4	1266	1	16560	0	0	0	0	0	0	0	0	0	0	191037	1	191038	1	191039	1	191037	1	191038	1	191037	1
	214	荆轲-橙3	2	14	5	3	215	2	2062	4	1504	1	19640	0	0	0	0	0	0	0	0	0	0	191040	1	191041	1	191042	1	191040	1	191041	1	191040	1
	215	荆轲-橙4	2	15	5	4	0	2	2416	4	1766	1	23040	0	0	0	0	0	0	0	0	0	0	0	0	0	0	0	0	0	0	0	0	0	0
	301	大锤女汉子-白0	3	1	1	0	302	0	0	0	0	0	0	0	0	0	0	0	0	0	0	0	0	191001	1	191002	1	191003	1	0	0	0	0	0	0
	302	大锤女汉子-绿0	3	2	2	0	303	2	18	4	18	1	360	0	0	0	0	0	0	0	0	0	0	191004	1	191005	1	191006	1	191004	1	0	0	0	0
	303	大锤女汉子-绿1	3	3	2	1	304	2	58	4	42	1	840	0	0	0	0	0	0	0	0	0	0	191007	1	191008	1	191009	1	191007	1	0	0	0	0
	304	大锤女汉子-蓝0	3	4	3	0	305	2	108	4	72	1	1440	0	0	0	0	0	0	0	0	0	0	191010	1	191011	1	191012	1	191010	1	191011	1	191012	1
	305	大锤女汉子-蓝1	3	5	3	1	306	2	170	4	134	1	2680	0	0	0	0	0	0	0	0	0	0	191013	1	191014	1	191015	1	191013	1	191014	1	191015	1
	306	大锤女汉子-蓝2	3	6	3	2	307	2	248	4	212	1	4240	0	0	0	0	0	0	0	0	0	0	191016	1	191017	1	191018	1	191016	1	191017	1	191018	1
	307	大锤女汉子-紫0	3	7	4	0	308	2	342	4	306	1	6120	0	0	0	0	0	0	0	0	0	0	191019	1	191020	1	191021	1	191019	1	191020	1	191021	1
	308	大锤女汉子-紫1	3	8	4	1	309	2	454	4	418	1	8360	0	0	0	0	0	0	0	0	0	0	191022	1	191023	1	191024	1	191022	1	191023	1	191024	1
	309	大锤女汉子-紫2	3	9	4	2	310	2	584	4	548	1	10960	0	0	0	0	0	0	0	0	0	0	191025	1	191026	1	191027	1	191025	1	191026	1	191027	1
	310	大锤女汉子-紫3	3	10	4	3	311	2	732	4	696	1	13920	0	0	0	0	0	0	0	0	0	0	191028	1	191029	1	191030	1	191028	1	191029	1	191030	1
	311	大锤女汉子-橙0	3	11	5	0	312	2	898	4	862	1	17240	0	0	0	0	0	0	0	0	0	0	191031	1	191032	1	191033	1	191031	1	191032	1	191033	1
	312	大锤女汉子-橙1	3	12	5	1	313	2	1088	4	1052	1	21040	0	0	0	0	0	0	0	0	0	0	191034	1	191035	1	191036	1	191034	1	191035	1	191036	1
	313	大锤女汉子-橙2	3	13	5	2	314	2	1302	4	1266	1	25320	0	0	0	0	0	0	0	0	0	0	191037	1	191038	1	191039	1	191037	1	191038	1	191039	1
	314	大锤女汉子-橙3	3	14	5	3	315	2	1540	4	1504	1	30080	0	0	0	0	0	0	0	0	0	0	191040	1	191041	1	191042	1	191040	1	191041	1	191042	1
	315	大锤女汉子-橙4	3	15	5	4	0	2	1802	4	1766	1	35320	0	0	0	0	0	0	0	0	0	0	0	0	0	0	0	0	0	0	0	0	0	0
	401	卡特琳娜-白0	4	1	1	0	402	0	0	0	0	0	0	0	0	0	0	0	0	0	0	0	0	191001	1	191002	1	191003	1	0	0	0	0	0	0
	402	卡特琳娜-绿0	4	2	2	0	403	2	18	4	18	1	360	0	0	0	0	0	0	0	0	0	0	191004	1	191005	1	191006	1	191004	1	0	0	0	0
	403	卡特琳娜-绿1	4	3	2	1	404	2	58	4	42	1	840	0	0	0	0	0	0	0	0	0	0	191007	1	191008	1	191009	1	191007	1	0	0	0	0
	404	卡特琳娜-蓝0	4	4	3	0	405	2	108	4	72	1	1440	0	0	0	0	0	0	0	0	0	0	191010	1	191011	1	191012	1	191010	1	191011	1	191012	1
	405	卡特琳娜-蓝1	4	5	3	1	406	2	170	4	134	1	2680	0	0	0	0	0	0	0	0	0	0	191013	1	191014	1	191015	1	191013	1	191014	1	191015	1
	406	卡特琳娜-蓝2	4	6	3	2	407	2	248	4	212	1	4240	0	0	0	0	0	0	0	0	0	0	191016	1	191017	1	191018	1	191016	1	191017	1	191018	1
	407	卡特琳娜-紫0	4	7	4	0	408	2	342	4	306	1	6120	0	0	0	0	0	0	0	0	0	0	191019	1	191020	1	191021	1	191019	1	191020	1	191021	1
	408	卡特琳娜-紫1	4	8	4	1	409	2	454	4	418	1	8360	0	0	0	0	0	0	0	0	0	0	191022	1	191023	1	191024	1	191022	1	191023	1	191024	1
	409	卡特琳娜-紫2	4	9	4	2	410	2	584	4	548	1	10960	0	0	0	0	0	0	0	0	0	0	191025	1	191026	1	191027	1	191025	1	191026	1	191027	1
	410	卡特琳娜-紫3	4	10	4	3	411	2	732	4	696	1	13920	0	0	0	0	0	0	0	0	0	0	191028	1	191029	1	191030	1	191028	1	191029	1	191030	1
	411	卡特琳娜-橙0	4	11	5	0	412	2	898	4	862	1	17240	0	0	0	0	0	0	0	0	0	0	191031	1	191032	1	191033	1	191031	1	191032	1	191033	1
	412	卡特琳娜-橙1	4	12	5	1	413	2	1088	4	1052	1	21040	0	0	0	0	0	0	0	0	0	0	191034	1	191035	1	191036	1	191034	1	191035	1	191036	1
	413	卡特琳娜-橙2	4	13	5	2	414	2	1302	4	1266	1	25320	0	0	0	0	0	0	0	0	0	0	191037	1	191038	1	191039	1	191037	1	191038	1	191039	1
	414	卡特琳娜-橙3	4	14	5	3	415	2	1540	4	1504	1	30080	0	0	0	0	0	0	0	0	0	0	191040	1	191041	1	191042	1	191040	1	191041	1	191042	1
	415	卡特琳娜-橙4	4	15	5	4	0	2	1802	4	1766	1	35320	0	0	0	0	0	0	0	0	0	0	0	0	0	0	0	0	0	0	0	0	0	0
	501	梅林-白0	5	1	1	0	502	0	0	0	0	0	0	0	0	0	0	0	0	0	0	0	0	191001	1	191002	1	191003	1	0	0	0	0	0	0
	502	梅林-绿0	5	2	2	0	503	2	18	4	18	1	360	0	0	0	0	0	0	0	0	0	0	191004	1	191005	1	191006	1	191005	1	0	0	0	0
	503	梅林-绿1	5	3	2	1	504	2	42	4	58	1	840	0	0	0	0	0	0	0	0	0	0	191007	1	191008	1	191009	1	191008	1	0	0	0	0
	504	梅林-蓝0	5	4	3	0	505	2	72	4	108	1	1440	0	0	0	0	0	0	0	0	0	0	191010	1	191011	1	191012	1	191010	1	191010	1	191012	1
	505	梅林-蓝1	5	5	3	1	506	2	158	4	146	1	2680	0	0	0	0	0	0	0	0	0	0	191013	1	191014	1	191015	1	191013	1	191013	1	191015	1
	506	梅林-蓝2	5	6	3	2	507	2	266	4	194	1	4240	0	0	0	0	0	0	0	0	0	0	191016	1	191017	1	191018	1	191016	1	191016	1	191018	1
	507	梅林-紫0	5	7	4	0	508	2	396	4	252	1	6120	0	0	0	0	0	0	0	0	0	0	191019	1	191020	1	191021	1	191019	1	191019	1	191021	1
	508	梅林-紫1	5	8	4	1	509	2	550	4	322	1	8360	0	0	0	0	0	0	0	0	0	0	191022	1	191023	1	191024	1	191022	1	191022	1	191024	1
	509	梅林-紫2	5	9	4	2	510	2	728	4	404	1	10960	0	0	0	0	0	0	0	0	0	0	191025	1	191026	1	191027	1	191025	1	191025	1	191027	1
	510	梅林-紫3	5	10	4	3	511	2	930	4	498	1	13920	0	0	0	0	0	0	0	0	0	0	191028	1	191029	1	191030	1	191028	1	191028	1	191030	1
	511	梅林-橙0	5	11	5	0	512	2	1156	4	604	1	17240	0	0	0	0	0	0	0	0	0	0	191031	1	191032	1	191033	1	191031	1	191031	1	191033	1
	512	梅林-橙1	5	12	5	1	513	2	1414	4	726	1	21040	0	0	0	0	0	0	0	0	0	0	191034	1	191035	1	191036	1	191034	1	191034	1	191036	1
	513	梅林-橙2	5	13	5	2	514	2	1704	4	864	1	25320	0	0	0	0	0	0	0	0	0	0	191037	1	191038	1	191039	1	191037	1	191037	1	191039	1
	514	梅林-橙3	5	14	5	3	515	2	2026	4	1018	1	30080	0	0	0	0	0	0	0	0	0	0	191040	1	191041	1	191042	1	191040	1	191040	1	191042	1
	515	梅林-橙4	5	15	5	4	0	2	2380	4	1188	1	35320	0	0	0	0	0	0	0	0	0	0	0	0	0	0	0	0	0	0	0	0	0	0
	601	牛魔王-白0	6	1	1	0	602	0	0	0	0	0	0	0	0	0	0	0	0	0	0	0	0	191001	1	191002	1	191003	1	0	0	0	0	0	0
	602	牛魔王-绿0	6	2	2	0	603	2	18	4	18	1	360	0	0	0	0	0	0	0	0	0	0	191004	1	191005	1	191006	1	191005	1	0	0	0	0
	603	牛魔王-绿1	6	3	2	1	604	2	42	4	58	1	840	0	0	0	0	0	0	0	0	0	0	191007	1	191008	1	191009	1	191008	1	0	0	0	0
	604	牛魔王-蓝0	6	4	3	0	605	2	72	4	108	1	1440	0	0	0	0	0	0	0	0	0	0	191010	1	191011	1	191012	1	191011	1	191011	1	191012	1
	605	牛魔王-蓝1	6	5	3	1	606	2	110	4	194	1	2680	0	0	0	0	0	0	0	0	0	0	191013	1	191014	1	191015	1	191014	1	191014	1	191015	1
	606	牛魔王-蓝2	6	6	3	2	607	2	158	4	302	1	4240	0	0	0	0	0	0	0	0	0	0	191016	1	191017	1	191018	1	191017	1	191017	1	191018	1
	607	牛魔王-紫0	6	7	4	0	608	2	216	4	432	1	6120	0	0	0	0	0	0	0	0	0	0	191019	1	191020	1	191021	1	191020	1	191020	1	191021	1
	608	牛魔王-紫1	6	8	4	1	609	2	286	4	586	1	8360	0	0	0	0	0	0	0	0	0	0	191022	1	191023	1	191024	1	191023	1	191023	1	191024	1
	609	牛魔王-紫2	6	9	4	2	610	2	368	4	764	1	10960	0	0	0	0	0	0	0	0	0	0	191025	1	191026	1	191027	1	191026	1	191026	1	191027	1
	610	牛魔王-紫3	6	10	4	3	611	2	462	4	966	1	13920	0	0	0	0	0	0	0	0	0	0	191028	1	191029	1	191030	1	191029	1	191029	1	191030	1
	611	牛魔王-橙0	6	11	5	0	612	2	568	4	1192	1	17240	0	0	0	0	0	0	0	0	0	0	191031	1	191032	1	191033	1	191032	1	191032	1	191033	1
	612	牛魔王-橙1	6	12	5	1	613	2	690	4	1450	1	21040	0	0	0	0	0	0	0	0	0	0	191034	1	191035	1	191036	1	191035	1	191035	1	191036	1
	613	牛魔王-橙2	6	13	5	2	614	2	828	4	1740	1	25320	0	0	0	0	0	0	0	0	0	0	191037	1	191038	1	191039	1	191038	1	191038	1	191039	1
	614	牛魔王-橙3	6	14	5	3	615	2	982	4	2062	1	30080	0	0	0	0	0	0	0	0	0	0	191040	1	191041	1	191042	1	191041	1	191041	1	191042	1
	615	牛魔王-橙4	6	15	5	4	0	2	1152	4	2416	1	35320	0	0	0	0	0	0	0	0	0	0	0	0	0	0	0	0	0	0	0	0	0	0
	701	火枪手	7	1	1	0	702	0	0	0	0	0	0	0	0	0	0	0	0	0	0	0	0	191001	1	191002	1	191003	1	0	0	0	0	0	0
	702	火枪手	7	2	2	0	703	2	18	4	18	1	360	0	0	0	0	0	0	0	0	0	0	191004	1	191005	1	191006	1	191004	1	0	0	0	0
	703	火枪手	7	3	2	1	704	2	58	4	42	1	840	0	0	0	0	0	0	0	0	0	0	191007	1	191008	1	191009	1	191007	1	0	0	0	0
	704	火枪手	7	4	3	0	705	2	108	4	72	1	1440	0	0	0	0	0	0	0	0	0	0	191010	1	191011	1	191012	1	191010	1	191011	1	191012	1
	705	火枪手	7	5	3	1	706	2	170	4	134	1	2680	0	0	0	0	0	0	0	0	0	0	191013	1	191014	1	191015	1	191013	1	191014	1	191015	1
	706	火枪手	7	6	3	2	707	2	248	4	212	1	4240	0	0	0	0	0	0	0	0	0	0	191016	1	191017	1	191018	1	191016	1	191017	1	191018	1
	707	火枪手	7	7	4	0	708	2	342	4	306	1	6120	0	0	0	0	0	0	0	0	0	0	191019	1	191020	1	191021	1	191019	1	191020	1	191021	1
	708	火枪手	7	8	4	1	709	2	454	4	418	1	8360	0	0	0	0	0	0	0	0	0	0	191022	1	191023	1	191024	1	191022	1	191023	1	191024	1
	709	火枪手	7	9	4	2	710	2	584	4	548	1	10960	0	0	0	0	0	0	0	0	0	0	191025	1	191026	1	191027	1	191025	1	191026	1	191027	1
	710	火枪手	7	10	4	3	711	2	732	4	696	1	13920	0	0	0	0	0	0	0	0	0	0	191028	1	191029	1	191030	1	191028	1	191029	1	191030	1
	711	火枪手	7	11	5	0	712	2	898	4	862	1	17240	0	0	0	0	0	0	0	0	0	0	191031	1	191032	1	191033	1	191031	1	191032	1	191033	1
	712	火枪手	7	12	5	1	713	2	1088	4	1052	1	21040	0	0	0	0	0	0	0	0	0	0	191034	1	191035	1	191036	1	191034	1	191035	1	191036	1
	713	火枪手	7	13	5	2	714	2	1302	4	1266	1	25320	0	0	0	0	0	0	0	0	0	0	191037	1	191038	1	191039	1	191037	1	191038	1	191039	1
	714	火枪手	7	14	5	3	715	2	1540	4	1504	1	30080	0	0	0	0	0	0	0	0	0	0	191040	1	191041	1	191042	1	191040	1	191041	1	191042	1
	715	火枪手	7	15	5	4	0	2	1802	4	1766	1	35320	0	0	0	0	0	0	0	0	0	0	0	0	0	0	0	0	0	0	0	0	0	0
	801	链球男-白0	8	1	1	0	802	0	0	0	0	0	0	0	0	0	0	0	0	0	0	0	0	191001	1	191002	1	191003	1	0	0	0	0	0	0
	802	链球男-绿0	8	2	2	0	803	2	18	4	18	1	360	0	0	0	0	0	0	0	0	0	0	191004	1	191005	1	191006	1	191006	1	0	0	0	0
	803	链球男-绿1	8	3	2	1	804	2	42	4	42	1	1160	0	0	0	0	0	0	0	0	0	0	191007	1	191008	1	191009	1	191009	1	0	0	0	0
	804	链球男-蓝0	8	4	3	0	805	2	72	4	72	1	2160	0	0	0	0	0	0	0	0	0	0	191010	1	191011	1	191012	1	191010	1	191011	1	191012	1
	805	链球男-蓝1	8	5	3	1	806	2	134	4	134	1	3400	0	0	0	0	0	0	0	0	0	0	191013	1	191014	1	191015	1	191013	1	191014	1	191015	1
	806	链球男-蓝2	8	6	3	2	807	2	212	4	212	1	4960	0	0	0	0	0	0	0	0	0	0	191016	1	191017	1	191018	1	191016	1	191017	1	191018	1
	807	链球男-紫0	8	7	4	0	808	2	306	4	306	1	6840	0	0	0	0	0	0	0	0	0	0	191019	1	191020	1	191021	1	191019	1	191020	1	191021	1
	808	链球男-紫1	8	8	4	1	809	2	418	4	418	1	9080	0	0	0	0	0	0	0	0	0	0	191022	1	191023	1	191024	1	191022	1	191023	1	191024	1
	809	链球男-紫2	8	9	4	2	810	2	548	4	548	1	11680	0	0	0	0	0	0	0	0	0	0	191025	1	191026	1	191027	1	191025	1	191026	1	191027	1
	810	链球男-紫3	8	10	4	3	811	2	696	4	696	1	14640	0	0	0	0	0	0	0	0	0	0	191028	1	191029	1	191030	1	191028	1	191029	1	191030	1
	811	链球男-橙0	8	11	5	0	812	2	862	4	862	1	17960	0	0	0	0	0	0	0	0	0	0	191031	1	191032	1	191033	1	191031	1	191032	1	191033	1
	812	链球男-橙1	8	12	5	1	813	2	1052	4	1052	1	21760	0	0	0	0	0	0	0	0	0	0	191034	1	191035	1	191036	1	191034	1	191035	1	191036	1
	813	链球男-橙2	8	13	5	2	814	2	1266	4	1266	1	26040	0	0	0	0	0	0	0	0	0	0	191037	1	191038	1	191039	1	191037	1	191038	1	191039	1
	814	链球男-橙3	8	14	5	3	815	2	1504	4	1504	1	30800	0	0	0	0	0	0	0	0	0	0	191040	1	191041	1	191042	1	191040	1	191041	1	191042	1
	815	链球男-橙4	8	15	5	4	0	2	1766	4	1766	1	36040	0	0	0	0	0	0	0	0	0	0	0	0	0	0	0	0	0	0	0	0	0	0
	901	小萝莉-白0	9	1	1	0	902	0	0	0	0	0	0	0	0	0	0	0	0	0	0	0	0	191001	1	191002	1	191003	1	0	0	0	0	0	0
	902	小萝莉-绿0	9	2	2	0	903	2	18	4	18	1	360	0	0	0	0	0	0	0	0	0	0	191004	1	191005	1	191006	1	191004	1	0	0	0	0
	903	小萝莉-绿1	9	3	2	1	904	2	58	4	42	1	840	0	0	0	0	0	0	0	0	0	0	191007	1	191008	1	191009	1	191007	1	0	0	0	0
	904	小萝莉-蓝0	9	4	3	0	905	2	108	4	72	1	1440	0	0	0	0	0	0	0	0	0	0	191010	1	191011	1	191012	1	191010	1	191010	1	191012	1
	905	小萝莉-蓝1	9	5	3	1	906	2	194	4	110	1	2680	0	0	0	0	0	0	0	0	0	0	191013	1	191014	1	191015	1	191013	1	191013	1	191015	1
	906	小萝莉-蓝2	9	6	3	2	907	2	302	4	158	1	4240	0	0	0	0	0	0	0	0	0	0	191016	1	191017	1	191018	1	191016	1	191016	1	191018	1
	907	小萝莉-紫0	9	7	4	0	908	2	432	4	216	1	6120	0	0	0	0	0	0	0	0	0	0	191019	1	191020	1	191021	1	191019	1	191019	1	191021	1
	908	小萝莉-紫1	9	8	4	1	909	2	586	4	286	1	8360	0	0	0	0	0	0	0	0	0	0	191022	1	191023	1	191024	1	191022	1	191022	1	191024	1
	909	小萝莉-紫2	9	9	4	2	910	2	764	4	368	1	10960	0	0	0	0	0	0	0	0	0	0	191025	1	191026	1	191027	1	191025	1	191025	1	191027	1
	910	小萝莉-紫3	9	10	4	3	911	2	966	4	462	1	13920	0	0	0	0	0	0	0	0	0	0	191028	1	191029	1	191030	1	191028	1	191028	1	191030	1
	911	小萝莉-橙0	9	11	5	0	912	2	1192	4	568	1	17240	0	0	0	0	0	0	0	0	0	0	191031	1	191032	1	191033	1	191031	1	191031	1	191033	1
	912	小萝莉-橙1	9	12	5	1	913	2	1450	4	690	1	21040	0	0	0	0	0	0	0	0	0	0	191034	1	191035	1	191036	1	191034	1	191034	1	191036	1
	913	小萝莉-橙2	9	13	5	2	914	2	1740	4	828	1	25320	0	0	0	0	0	0	0	0	0	0	191037	1	191038	1	191039	1	191037	1	191037	1	191039	1
	914	小萝莉-橙3	9	14	5	3	915	2	2062	4	982	1	30080	0	0	0	0	0	0	0	0	0	0	191040	1	191041	1	191042	1	191040	1	191040	1	191042	1
	915	小萝莉-橙4	9	15	5	4	0	2	2416	4	1152	1	35320	0	0	0	0	0	0	0	0	0	0	0	0	0	0	0	0	0	0	0	0	0	0
	1001	鞭女-白0	10	1	1	0	1002	0	0	0	0	0	0	0	0	0	0	0	0	0	0	0	0	191001	1	191002	1	191003	1	0	0	0	0	0	0
	1002	鞭女-绿0	10	2	2	0	1003	2	18	4	18	1	360	0	0	0	0	0	0	0	0	0	0	191004	1	191005	1	191006	1	191004	1	0	0	0	0
	1003	鞭女-绿1	10	3	2	1	1004	2	58	4	42	1	840	0	0	0	0	0	0	0	0	0	0	191007	1	191008	1	191009	1	191007	1	0	0	0	0
	1004	鞭女-蓝0	10	4	3	0	1005	2	108	4	72	1	1440	0	0	0	0	0	0	0	0	0	0	191010	1	191011	1	191012	1	191010	1	191010	1	191012	1
	1005	鞭女-蓝1	10	5	3	1	1006	2	194	4	110	1	2680	0	0	0	0	0	0	0	0	0	0	191013	1	191014	1	191015	1	191013	1	191013	1	191015	1
	1006	鞭女-蓝2	10	6	3	2	1007	2	302	4	158	1	4240	0	0	0	0	0	0	0	0	0	0	191016	1	191017	1	191018	1	191016	1	191016	1	191018	1
	1007	鞭女-紫0	10	7	4	0	1008	2	432	4	216	1	6120	0	0	0	0	0	0	0	0	0	0	191019	1	191020	1	191021	1	191019	1	191019	1	191021	1
	1008	鞭女-紫1	10	8	4	1	1009	2	586	4	286	1	8360	0	0	0	0	0	0	0	0	0	0	191022	1	191023	1	191024	1	191022	1	191022	1	191024	1
	1009	鞭女-紫2	10	9	4	2	1010	2	764	4	368	1	10960	0	0	0	0	0	0	0	0	0	0	191025	1	191026	1	191027	1	191025	1	191025	1	191027	1
	1010	鞭女-紫3	10	10	4	3	1011	2	966	4	462	1	13920	0	0	0	0	0	0	0	0	0	0	191028	1	191029	1	191030	1	191028	1	191028	1	191030	1
	1011	鞭女-橙0	10	11	5	0	1012	2	1192	4	568	1	17240	0	0	0	0	0	0	0	0	0	0	191031	1	191032	1	191033	1	191031	1	191031	1	191033	1
	1012	鞭女-橙1	10	12	5	1	1013	2	1450	4	690	1	21040	0	0	0	0	0	0	0	0	0	0	191034	1	191035	1	191036	1	191034	1	191034	1	191036	1
	1013	鞭女-橙2	10	13	5	2	1014	2	1740	4	828	1	25320	0	0	0	0	0	0	0	0	0	0	191037	1	191038	1	191039	1	191037	1	191037	1	191039	1
	1014	鞭女-橙3	10	14	5	3	1015	2	2062	4	982	1	30080	0	0	0	0	0	0	0	0	0	0	191040	1	191041	1	191042	1	191040	1	191040	1	191042	1
	1015	鞭女-橙4	10	15	5	4	0	2	2416	4	1152	1	35320	0	0	0	0	0	0	0	0	0	0	0	0	0	0	0	0	0	0	0	0	0	0
	1101	贞德-白0	11	1	1	0	1102	0	0	0	0	0	0	0	0	0	0	0	0	0	0	0	0	191001	1	191002	1	191003	1	0	0	0	0	0	0
	1102	贞德-绿0	11	2	2	0	1103	2	18	4	18	1	360	0	0	0	0	0	0	0	0	0	0	191004	1	191005	1	191006	1	191006	1	0	0	0	0
	1103	贞德-绿1	11	3	2	1	1104	2	42	4	42	1	1160	0	0	0	0	0	0	0	0	0	0	191007	1	191008	1	191009	1	191009	1	0	0	0	0
	1104	贞德-蓝0	11	4	3	0	1105	2	72	4	72	1	2160	0	0	0	0	0	0	0	0	0	0	191010	1	191011	1	191012	1	191010	1	191011	1	191012	1
	1105	贞德-蓝1	11	5	3	1	1106	2	134	4	134	1	3400	0	0	0	0	0	0	0	0	0	0	191013	1	191014	1	191015	1	191013	1	191014	1	191015	1
	1106	贞德-蓝2	11	6	3	2	1107	2	212	4	212	1	4960	0	0	0	0	0	0	0	0	0	0	191016	1	191017	1	191018	1	191016	1	191017	1	191018	1
	1107	贞德-紫0	11	7	4	0	1108	2	306	4	306	1	6840	0	0	0	0	0	0	0	0	0	0	191019	1	191020	1	191021	1	191019	1	191020	1	191021	1
	1108	贞德-紫1	11	8	4	1	1109	2	418	4	418	1	9080	0	0	0	0	0	0	0	0	0	0	191022	1	191023	1	191024	1	191022	1	191023	1	191024	1
	1109	贞德-紫2	11	9	4	2	1110	2	548	4	548	1	11680	0	0	0	0	0	0	0	0	0	0	191025	1	191026	1	191027	1	191025	1	191026	1	191027	1
	1110	贞德-紫3	11	10	4	3	1111	2	696	4	696	1	14640	0	0	0	0	0	0	0	0	0	0	191028	1	191029	1	191030	1	191028	1	191029	1	191030	1
	1111	贞德-橙0	11	11	5	0	1112	2	862	4	862	1	17960	0	0	0	0	0	0	0	0	0	0	191031	1	191032	1	191033	1	191031	1	191032	1	191033	1
	1112	贞德-橙1	11	12	5	1	1113	2	1052	4	1052	1	21760	0	0	0	0	0	0	0	0	0	0	191034	1	191035	1	191036	1	191034	1	191035	1	191036	1
	1113	贞德-橙2	11	13	5	2	1114	2	1266	4	1266	1	26040	0	0	0	0	0	0	0	0	0	0	191037	1	191038	1	191039	1	191037	1	191038	1	191039	1
	1114	贞德-橙3	11	14	5	3	1115	2	1504	4	1504	1	30800	0	0	0	0	0	0	0	0	0	0	191040	1	191041	1	191042	1	191040	1	191041	1	191042	1
	1115	贞德-橙4	11	15	5	4	0	2	1766	4	1766	1	36040	0	0	0	0	0	0	0	0	0	0	0	0	0	0	0	0	0	0	0	0	0	0
	1201	残忍王-白0	12	1	1	0	1202	0	0	0	0	0	0	0	0	0	0	0	0	0	0	0	0	191001	1	191002	1	191003	1	0	0	0	0	0	0
	1202	残忍王-绿0	12	2	2	0	1203	2	18	4	18	1	360	0	0	0	0	0	0	0	0	0	0	191004	1	191005	1	191006	1	191004	1	0	0	0	0
	1203	残忍王-绿1	12	3	2	1	1204	2	58	4	42	1	840	0	0	0	0	0	0	0	0	0	0	191007	1	191008	1	191009	1	191007	1	0	0	0	0
	1204	残忍王-蓝0	12	4	3	0	1205	2	108	4	72	1	1440	0	0	0	0	0	0	0	0	0	0	191010	1	191011	1	191012	1	191010	1	191011	1	191012	1
	1205	残忍王-蓝1	12	5	3	1	1206	2	170	4	134	1	2680	0	0	0	0	0	0	0	0	0	0	191013	1	191014	1	191015	1	191013	1	191014	1	191015	1
	1206	残忍王-蓝2	12	6	3	2	1207	2	248	4	212	1	4240	0	0	0	0	0	0	0	0	0	0	191016	1	191017	1	191018	1	191016	1	191017	1	191018	1
	1207	残忍王-紫0	12	7	4	0	1208	2	342	4	306	1	6120	0	0	0	0	0	0	0	0	0	0	191019	1	191020	1	191021	1	191019	1	191020	1	191021	1
	1208	残忍王-紫1	12	8	4	1	1209	2	454	4	418	1	8360	0	0	0	0	0	0	0	0	0	0	191022	1	191023	1	191024	1	191022	1	191023	1	191024	1
	1209	残忍王-紫2	12	9	4	2	1210	2	584	4	548	1	10960	0	0	0	0	0	0	0	0	0	0	191025	1	191026	1	191027	1	191025	1	191026	1	191027	1
	1210	残忍王-紫3	12	10	4	3	1211	2	732	4	696	1	13920	0	0	0	0	0	0	0	0	0	0	191028	1	191029	1	191030	1	191028	1	191029	1	191030	1
	1211	残忍王-橙0	12	11	5	0	1212	2	898	4	862	1	17240	0	0	0	0	0	0	0	0	0	0	191031	1	191032	1	191033	1	191031	1	191032	1	191033	1
	1212	残忍王-橙1	12	12	5	1	1213	2	1088	4	1052	1	21040	0	0	0	0	0	0	0	0	0	0	191034	1	191035	1	191036	1	191034	1	191035	1	191036	1
	1213	残忍王-橙2	12	13	5	2	1214	2	1302	4	1266	1	25320	0	0	0	0	0	0	0	0	0	0	191037	1	191038	1	191039	1	191037	1	191038	1	191039	1
	1214	残忍王-橙3	12	14	5	3	1215	2	1540	4	1504	1	30080	0	0	0	0	0	0	0	0	0	0	191040	1	191041	1	191042	1	191040	1	191041	1	191042	1
	1215	残忍王-橙4	12	15	5	4	0	2	1802	4	1766	1	35320	0	0	0	0	0	0	0	0	0	0	0	0	0	0	0	0	0	0	0	0	0	0
	1301	达芬奇-白0	13	1	1	0	1302	0	0	0	0	0	0	0	0	0	0	0	0	0	0	0	0	191001	1	191002	1	191003	1	0	0	0	0	0	0
	1302	达芬奇-绿0	13	2	2	0	1303	2	18	4	18	1	360	0	0	0	0	0	0	0	0	0	0	191004	1	191005	1	191006	1	191004	1	0	0	0	0
	1303	达芬奇-绿1	13	3	2	1	1304	2	58	4	42	1	840	0	0	0	0	0	0	0	0	0	0	191007	1	191008	1	191009	1	191007	1	0	0	0	0
	1304	达芬奇-蓝0	13	4	3	0	1305	2	108	4	72	1	1440	0	0	0	0	0	0	0	0	0	0	191010	1	191011	1	191012	1	191010	1	191011	1	191012	1
	1305	达芬奇-蓝1	13	5	3	1	1306	2	170	4	134	1	2680	0	0	0	0	0	0	0	0	0	0	191013	1	191014	1	191015	1	191013	1	191014	1	191015	1
	1306	达芬奇-蓝2	13	6	3	2	1307	2	248	4	212	1	4240	0	0	0	0	0	0	0	0	0	0	191016	1	191017	1	191018	1	191016	1	191017	1	191018	1
	1307	达芬奇-紫0	13	7	4	0	1308	2	342	4	306	1	6120	0	0	0	0	0	0	0	0	0	0	191019	1	191020	1	191021	1	191019	1	191020	1	191021	1
	1308	达芬奇-紫1	13	8	4	1	1309	2	454	4	418	1	8360	0	0	0	0	0	0	0	0	0	0	191022	1	191023	1	191024	1	191022	1	191023	1	191024	1
	1309	达芬奇-紫2	13	9	4	2	1310	2	584	4	548	1	10960	0	0	0	0	0	0	0	0	0	0	191025	1	191026	1	191027	1	191025	1	191026	1	191027	1
	1310	达芬奇-紫3	13	10	4	3	1311	2	732	4	696	1	13920	0	0	0	0	0	0	0	0	0	0	191028	1	191029	1	191030	1	191028	1	191029	1	191030	1
	1311	达芬奇-橙0	13	11	5	0	1312	2	898	4	862	1	17240	0	0	0	0	0	0	0	0	0	0	191031	1	191032	1	191033	1	191031	1	191032	1	191033	1
	1312	达芬奇-橙1	13	12	5	1	1313	2	1088	4	1052	1	21040	0	0	0	0	0	0	0	0	0	0	191034	1	191035	1	191036	1	191034	1	191035	1	191036	1
	1313	达芬奇-橙2	13	13	5	2	1314	2	1302	4	1266	1	25320	0	0	0	0	0	0	0	0	0	0	191037	1	191038	1	191039	1	191037	1	191038	1	191039	1
	1314	达芬奇-橙3	13	14	5	3	1315	2	1540	4	1504	1	30080	0	0	0	0	0	0	0	0	0	0	191040	1	191041	1	191042	1	191040	1	191041	1	191042	1
	1315	达芬奇-橙4	13	15	5	4	0	2	1802	4	1766	1	35320	0	0	0	0	0	0	0	0	0	0	0	0	0	0	0	0	0	0	0	0	0	0
	1401	范海辛-白0	14	1	1	0	1402	0	0	0	0	0	0	0	0	0	0	0	0	0	0	0	0	191001	1	191002	1	191003	1	0	0	0	0	0	0
	1402	范海辛-绿0	14	2	2	0	1403	2	18	4	18	1	360	0	0	0	0	0	0	0	0	0	0	191004	1	191005	1	191006	1	191004	1	0	0	0	0
	1403	范海辛-绿1	14	3	2	1	1404	2	58	4	42	1	840	0	0	0	0	0	0	0	0	0	0	191007	1	191008	1	191009	1	191007	1	0	0	0	0
	1404	范海辛-蓝0	14	4	3	0	1405	2	108	4	72	1	1440	0	0	0	0	0	0	0	0	0	0	191010	1	191011	1	191012	1	191010	1	191011	1	191010	1
	1405	范海辛-蓝1	14	5	3	1	1406	2	194	4	134	1	2200	0	0	0	0	0	0	0	0	0	0	191013	1	191014	1	191015	1	191013	1	191014	1	191013	1
	1406	范海辛-蓝2	14	6	3	2	1407	2	302	4	212	1	3160	0	0	0	0	0	0	0	0	0	0	191016	1	191017	1	191018	1	191016	1	191017	1	191016	1
	1407	范海辛-紫0	14	7	4	0	1408	2	432	4	306	1	4320	0	0	0	0	0	0	0	0	0	0	191019	1	191020	1	191021	1	191019	1	191020	1	191019	1
	1408	范海辛-紫1	14	8	4	1	1409	2	586	4	418	1	5720	0	0	0	0	0	0	0	0	0	0	191022	1	191023	1	191024	1	191022	1	191023	1	191022	1
	1409	范海辛-紫2	14	9	4	2	1410	2	764	4	548	1	7360	0	0	0	0	0	0	0	0	0	0	191025	1	191026	1	191027	1	191025	1	191026	1	191025	1
	1410	范海辛-紫3	14	10	4	3	1411	2	966	4	696	1	9240	0	0	0	0	0	0	0	0	0	0	191028	1	191029	1	191030	1	191028	1	191029	1	191028	1
	1411	范海辛-橙0	14	11	5	0	1412	2	1192	4	862	1	11360	0	0	0	0	0	0	0	0	0	0	191031	1	191032	1	191033	1	191031	1	191032	1	191031	1
	1412	范海辛-橙1	14	12	5	1	1413	2	1450	4	1052	1	13800	0	0	0	0	0	0	0	0	0	0	191034	1	191035	1	191036	1	191034	1	191035	1	191034	1
	1413	范海辛-橙2	14	13	5	2	1414	2	1740	4	1266	1	16560	0	0	0	0	0	0	0	0	0	0	191037	1	191038	1	191039	1	191037	1	191038	1	191037	1
	1414	范海辛-橙3	14	14	5	3	1415	2	2062	4	1504	1	19640	0	0	0	0	0	0	0	0	0	0	191040	1	191041	1	191042	1	191040	1	191041	1	191040	1
	1415	范海辛-橙4	14	15	5	4	0	2	2416	4	1766	1	23040	0	0	0	0	0	0	0	0	0	0	0	0	0	0	0	0	0	0	0	0	0	0
	1501	火女-白0	15	1	1	0	1502	0	0	0	0	0	0	0	0	0	0	0	0	0	0	0	0	191001	1	191002	1	191003	1	0	0	0	0	0	0
	1502	火女-绿0	15	2	2	0	1503	2	18	4	18	1	360	0	0	0	0	0	0	0	0	0	0	191004	1	191005	1	191006	1	191004	1	0	0	0	0
	1503	火女-绿1	15	3	2	1	1504	2	58	4	42	1	840	0	0	0	0	0	0	0	0	0	0	191007	1	191008	1	191009	1	191007	1	0	0	0	0
	1504	火女-蓝0	15	4	3	0	1505	2	108	4	72	1	1440	0	0	0	0	0	0	0	0	0	0	191010	1	191011	1	191012	1	191010	1	191011	1	191010	1
	1505	火女-蓝1	15	5	3	1	1506	2	194	4	134	1	2200	0	0	0	0	0	0	0	0	0	0	191013	1	191014	1	191015	1	191013	1	191014	1	191013	1
	1506	火女-蓝2	15	6	3	2	1507	2	302	4	212	1	3160	0	0	0	0	0	0	0	0	0	0	191016	1	191017	1	191018	1	191016	1	191017	1	191016	1
	1507	火女-紫0	15	7	4	0	1508	2	432	4	306	1	4320	0	0	0	0	0	0	0	0	0	0	191019	1	191020	1	191021	1	191019	1	191020	1	191019	1
	1508	火女-紫1	15	8	4	1	1509	2	586	4	418	1	5720	0	0	0	0	0	0	0	0	0	0	191022	1	191023	1	191024	1	191022	1	191023	1	191022	1
	1509	火女-紫2	15	9	4	2	1510	2	764	4	548	1	7360	0	0	0	0	0	0	0	0	0	0	191025	1	191026	1	191027	1	191025	1	191026	1	191025	1
	1510	火女-紫3	15	10	4	3	1511	2	966	4	696	1	9240	0	0	0	0	0	0	0	0	0	0	191028	1	191029	1	191030	1	191028	1	191029	1	191028	1
	1511	火女-橙0	15	11	5	0	1512	2	1192	4	862	1	11360	0	0	0	0	0	0	0	0	0	0	191031	1	191032	1	191033	1	191031	1	191032	1	191031	1
	1512	火女-橙1	15	12	5	1	1513	2	1450	4	1052	1	13800	0	0	0	0	0	0	0	0	0	0	191034	1	191035	1	191036	1	191034	1	191035	1	191034	1
	1513	火女-橙2	15	13	5	2	1514	2	1740	4	1266	1	16560	0	0	0	0	0	0	0	0	0	0	191037	1	191038	1	191039	1	191037	1	191038	1	191037	1
	1514	火女-橙3	15	14	5	3	1515	2	2062	4	1504	1	19640	0	0	0	0	0	0	0	0	0	0	191040	1	191041	1	191042	1	191040	1	191041	1	191040	1
	1515	火女-橙4	15	15	5	4	0	2	2416	4	1766	1	23040	0	0	0	0	0	0	0	0	0	0	0	0	0	0	0	0	0	0	0	0	0	0
	1601	岳飞-白0	16	1	1	0	1602	0	0	0	0	0	0	0	0	0	0	0	0	0	0	0	0	191001	1	191002	1	191003	1	0	0	0	0	0	0
	1602	岳飞-绿0	16	2	2	0	1603	2	18	4	18	1	360	0	0	0	0	0	0	0	0	0	0	191004	1	191005	1	191006	1	191004	1	0	0	0	0
	1603	岳飞-绿1	16	3	2	1	1604	2	58	4	42	1	840	0	0	0	0	0	0	0	0	0	0	191007	1	191008	1	191009	1	191007	1	0	0	0	0
	1604	岳飞-蓝0	16	4	3	0	1605	2	108	4	72	1	1440	0	0	0	0	0	0	0	0	0	0	191010	1	191011	1	191012	1	191010	1	191011	1	191012	1
	1605	岳飞-蓝1	16	5	3	1	1606	2	170	4	134	1	2680	0	0	0	0	0	0	0	0	0	0	191013	1	191014	1	191015	1	191013	1	191014	1	191015	1
	1606	岳飞-蓝2	16	6	3	2	1607	2	248	4	212	1	4240	0	0	0	0	0	0	0	0	0	0	191016	1	191017	1	191018	1	191016	1	191017	1	191018	1
	1607	岳飞-紫0	16	7	4	0	1608	2	342	4	306	1	6120	0	0	0	0	0	0	0	0	0	0	191019	1	191020	1	191021	1	191019	1	191020	1	191021	1
	1608	岳飞-紫1	16	8	4	1	1609	2	454	4	418	1	8360	0	0	0	0	0	0	0	0	0	0	191022	1	191023	1	191024	1	191022	1	191023	1	191024	1
	1609	岳飞-紫2	16	9	4	2	1610	2	584	4	548	1	10960	0	0	0	0	0	0	0	0	0	0	191025	1	191026	1	191027	1	191025	1	191026	1	191027	1
	1610	岳飞-紫3	16	10	4	3	1611	2	732	4	696	1	13920	0	0	0	0	0	0	0	0	0	0	191028	1	191029	1	191030	1	191028	1	191029	1	191030	1
	1611	岳飞-橙0	16	11	5	0	1612	2	898	4	862	1	17240	0	0	0	0	0	0	0	0	0	0	191031	1	191032	1	191033	1	191031	1	191032	1	191033	1
	1612	岳飞-橙1	16	12	5	1	1613	2	1088	4	1052	1	21040	0	0	0	0	0	0	0	0	0	0	191034	1	191035	1	191036	1	191034	1	191035	1	191036	1
	1613	岳飞-橙2	16	13	5	2	1614	2	1302	4	1266	1	25320	0	0	0	0	0	0	0	0	0	0	191037	1	191038	1	191039	1	191037	1	191038	1	191039	1
	1614	岳飞-橙3	16	14	5	3	1615	2	1540	4	1504	1	30080	0	0	0	0	0	0	0	0	0	0	191040	1	191041	1	191042	1	191040	1	191041	1	191042	1
	1615	岳飞-橙4	16	15	5	4	0	2	1802	4	1766	1	35320	0	0	0	0	0	0	0	0	0	0	0	0	0	0	0	0	0	0	0	0	0	0
	1701	日本武士-白0	17	1	1	0	1702	0	0	0	0	0	0	0	0	0	0	0	0	0	0	0	0	191001	1	191002	1	191003	1	0	0	0	0	0	0
	1702	日本武士-绿0	17	2	2	0	1703	2	18	4	18	1	360	0	0	0	0	0	0	0	0	0	0	191004	1	191005	1	191006	1	191004	1	0	0	0	0
	1703	日本武士-绿1	17	3	2	1	1704	2	58	4	42	1	840	0	0	0	0	0	0	0	0	0	0	191007	1	191008	1	191009	1	191007	1	0	0	0	0
	1704	日本武士-蓝0	17	4	3	0	1705	2	108	4	72	1	1440	0	0	0	0	0	0	0	0	0	0	191010	1	191011	1	191012	1	191010	1	191011	1	191010	1
	1705	日本武士-蓝1	17	5	3	1	1706	2	194	4	134	1	2200	0	0	0	0	0	0	0	0	0	0	191013	1	191014	1	191015	1	191013	1	191014	1	191013	1
	1706	日本武士-蓝2	17	6	3	2	1707	2	302	4	212	1	3160	0	0	0	0	0	0	0	0	0	0	191016	1	191017	1	191018	1	191016	1	191017	1	191016	1
	1707	日本武士-紫0	17	7	4	0	1708	2	432	4	306	1	4320	0	0	0	0	0	0	0	0	0	0	191019	1	191020	1	191021	1	191019	1	191020	1	191019	1
	1708	日本武士-紫1	17	8	4	1	1709	2	586	4	418	1	5720	0	0	0	0	0	0	0	0	0	0	191022	1	191023	1	191024	1	191022	1	191023	1	191022	1
	1709	日本武士-紫2	17	9	4	2	1710	2	764	4	548	1	7360	0	0	0	0	0	0	0	0	0	0	191025	1	191026	1	191027	1	191025	1	191026	1	191025	1
	1710	日本武士-紫3	17	10	4	3	1711	2	966	4	696	1	9240	0	0	0	0	0	0	0	0	0	0	191028	1	191029	1	191030	1	191028	1	191029	1	191028	1
	1711	日本武士-橙0	17	11	5	0	1712	2	1192	4	862	1	11360	0	0	0	0	0	0	0	0	0	0	191031	1	191032	1	191033	1	191031	1	191032	1	191031	1
	1712	日本武士-橙1	17	12	5	1	1713	2	1450	4	1052	1	13800	0	0	0	0	0	0	0	0	0	0	191034	1	191035	1	191036	1	191034	1	191035	1	191034	1
	1713	日本武士-橙2	17	13	5	2	1714	2	1740	4	1266	1	16560	0	0	0	0	0	0	0	0	0	0	191037	1	191038	1	191039	1	191037	1	191038	1	191037	1
	1714	日本武士-橙3	17	14	5	3	1715	2	2062	4	1504	1	19640	0	0	0	0	0	0	0	0	0	0	191040	1	191041	1	191042	1	191040	1	191041	1	191040	1
	1715	日本武士-橙4	17	15	5	4	0	2	2416	4	1766	1	23040	0	0	0	0	0	0	0	0	0	0	0	0	0	0	0	0	0	0	0	0	0	0
	1801	项羽-白0	18	1	1	0	1802	0	0	0	0	0	0	0	0	0	0	0	0	0	0	0	0	191001	1	191002	1	191003	1	0	0	0	0	0	0
	1802	项羽-绿0	18	2	2	0	1803	2	18	4	18	1	360	0	0	0	0	0	0	0	0	0	0	191004	1	191005	1	191006	1	191004	1	0	0	0	0
	1803	项羽-绿1	18	3	2	1	1804	2	58	4	42	1	840	0	0	0	0	0	0	0	0	0	0	191007	1	191008	1	191009	1	191007	1	0	0	0	0
	1804	项羽-蓝0	18	4	3	0	1805	2	108	4	72	1	1440	0	0	0	0	0	0	0	0	0	0	191010	1	191011	1	191012	1	191010	1	191011	1	191012	1
	1805	项羽-蓝1	18	5	3	1	1806	2	170	4	134	1	2680	0	0	0	0	0	0	0	0	0	0	191013	1	191014	1	191015	1	191013	1	191014	1	191015	1
	1806	项羽-蓝2	18	6	3	2	1807	2	248	4	212	1	4240	0	0	0	0	0	0	0	0	0	0	191016	1	191017	1	191018	1	191016	1	191017	1	191018	1
	1807	项羽-紫0	18	7	4	0	1808	2	342	4	306	1	6120	0	0	0	0	0	0	0	0	0	0	191019	1	191020	1	191021	1	191019	1	191020	1	191021	1
	1808	项羽-紫1	18	8	4	1	1809	2	454	4	418	1	8360	0	0	0	0	0	0	0	0	0	0	191022	1	191023	1	191024	1	191022	1	191023	1	191024	1
	1809	项羽-紫2	18	9	4	2	1810	2	584	4	548	1	10960	0	0	0	0	0	0	0	0	0	0	191025	1	191026	1	191027	1	191025	1	191026	1	191027	1
	1810	项羽-紫3	18	10	4	3	1811	2	732	4	696	1	13920	0	0	0	0	0	0	0	0	0	0	191028	1	191029	1	191030	1	191028	1	191029	1	191030	1
	1811	项羽-橙0	18	11	5	0	1812	2	898	4	862	1	17240	0	0	0	0	0	0	0	0	0	0	191031	1	191032	1	191033	1	191031	1	191032	1	191033	1
	1812	项羽-橙1	18	12	5	1	1813	2	1088	4	1052	1	21040	0	0	0	0	0	0	0	0	0	0	191034	1	191035	1	191036	1	191034	1	191035	1	191036	1
	1813	项羽-橙2	18	13	5	2	1814	2	1302	4	1266	1	25320	0	0	0	0	0	0	0	0	0	0	191037	1	191038	1	191039	1	191037	1	191038	1	191039	1
	1814	项羽-橙3	18	14	5	3	1815	2	1540	4	1504	1	30080	0	0	0	0	0	0	0	0	0	0	191040	1	191041	1	191042	1	191040	1	191041	1	191042	1
	1815	项羽-橙4	18	15	5	4	0	2	1802	4	1766	1	35320	0	0	0	0	0	0	0	0	0	0	0	0	0	0	0	0	0	0	0	0	0	0
	1901	噬毒者-白0	19	1	1	0	1902	0	0	0	0	0	0	0	0	0	0	0	0	0	0	0	0	191001	1	191002	1	191003	1	0	0	0	0	0	0
	1902	噬毒者-绿0	19	2	2	0	1903	2	18	4	18	1	360	0	0	0	0	0	0	0	0	0	0	191004	1	191005	1	191006	1	191004	1	0	0	0	0
	1903	噬毒者-绿1	19	3	2	1	1904	2	58	4	42	1	840	0	0	0	0	0	0	0	0	0	0	191007	1	191008	1	191009	1	191007	1	0	0	0	0
	1904	噬毒者-蓝0	19	4	3	0	1905	2	108	4	72	1	1440	0	0	0	0	0	0	0	0	0	0	191010	1	191011	1	191012	1	191010	1	191012	1	191012	1
	1905	噬毒者-蓝1	19	5	3	1	1906	2	170	4	110	1	3160	0	0	0	0	0	0	0	0	0	0	191013	1	191014	1	191015	1	191013	1	191015	1	191015	1
	1906	噬毒者-蓝2	19	6	3	2	1907	2	248	4	158	1	5320	0	0	0	0	0	0	0	0	0	0	191016	1	191017	1	191018	1	191016	1	191018	1	191018	1
	1907	噬毒者-紫0	19	7	4	0	1908	2	342	4	216	1	7920	0	0	0	0	0	0	0	0	0	0	191019	1	191020	1	191021	1	191019	1	191021	1	191021	1
	1908	噬毒者-紫1	19	8	4	1	1909	2	454	4	286	1	11000	0	0	0	0	0	0	0	0	0	0	191022	1	191023	1	191024	1	191022	1	191024	1	191024	1
	1909	噬毒者-紫2	19	9	4	2	1910	2	584	4	368	1	14560	0	0	0	0	0	0	0	0	0	0	191025	1	191026	1	191027	1	191025	1	191027	1	191027	1
	1910	噬毒者-紫3	19	10	4	3	1911	2	732	4	462	1	18600	0	0	0	0	0	0	0	0	0	0	191028	1	191029	1	191030	1	191028	1	191030	1	191030	1
	1911	噬毒者-橙0	19	11	5	0	1912	2	898	4	568	1	23120	0	0	0	0	0	0	0	0	0	0	191031	1	191032	1	191033	1	191031	1	191033	1	191033	1
	1912	噬毒者-橙1	19	12	5	1	1913	2	1088	4	690	1	28280	0	0	0	0	0	0	0	0	0	0	191034	1	191035	1	191036	1	191034	1	191036	1	191036	1
	1913	噬毒者-橙2	19	13	5	2	1914	2	1302	4	828	1	34080	0	0	0	0	0	0	0	0	0	0	191037	1	191038	1	191039	1	191037	1	191039	1	191039	1
	1914	噬毒者-橙3	19	14	5	3	1915	2	1540	4	982	1	40520	0	0	0	0	0	0	0	0	0	0	191040	1	191041	1	191042	1	191040	1	191042	1	191042	1
	1915	噬毒者-橙4	19	15	5	4	0	2	1802	4	1152	1	47600	0	0	0	0	0	0	0	0	0	0	0	0	0	0	0	0	0	0	0	0	0	0
	2001	高贵女法师-白0	20	1	1	0	2002	0	0	0	0	0	0	0	0	0	0	0	0	0	0	0	0	191001	1	191002	1	191003	1	0	0	0	0	0	0
	2002	高贵女法师-绿0	20	2	2	0	2003	2	18	4	18	1	360	0	0	0	0	0	0	0	0	0	0	191004	1	191005	1	191006	1	191004	1	0	0	0	0
	2003	高贵女法师-绿1	20	3	2	1	2004	2	58	4	42	1	840	0	0	0	0	0	0	0	0	0	0	191007	1	191008	1	191009	1	191007	1	0	0	0	0
	2004	高贵女法师-蓝0	20	4	3	0	2005	2	108	4	72	1	1440	0	0	0	0	0	0	0	0	0	0	191010	1	191011	1	191012	1	191010	1	191010	1	191012	1
	2005	高贵女法师-蓝1	20	5	3	1	2006	2	194	4	110	1	2680	0	0	0	0	0	0	0	0	0	0	191013	1	191014	1	191015	1	191013	1	191013	1	191015	1
	2006	高贵女法师-蓝2	20	6	3	2	2007	2	302	4	158	1	4240	0	0	0	0	0	0	0	0	0	0	191016	1	191017	1	191018	1	191016	1	191016	1	191018	1
	2007	高贵女法师-紫0	20	7	4	0	2008	2	432	4	216	1	6120	0	0	0	0	0	0	0	0	0	0	191019	1	191020	1	191021	1	191019	1	191019	1	191021	1
	2008	高贵女法师-紫1	20	8	4	1	2009	2	586	4	286	1	8360	0	0	0	0	0	0	0	0	0	0	191022	1	191023	1	191024	1	191022	1	191022	1	191024	1
	2009	高贵女法师-紫2	20	9	4	2	2010	2	764	4	368	1	10960	0	0	0	0	0	0	0	0	0	0	191025	1	191026	1	191027	1	191025	1	191025	1	191027	1
	2010	高贵女法师-紫3	20	10	4	3	2011	2	966	4	462	1	13920	0	0	0	0	0	0	0	0	0	0	191028	1	191029	1	191030	1	191028	1	191028	1	191030	1
	2011	高贵女法师-橙0	20	11	5	0	2012	2	1192	4	568	1	17240	0	0	0	0	0	0	0	0	0	0	191031	1	191032	1	191033	1	191031	1	191031	1	191033	1
	2012	高贵女法师-橙1	20	12	5	1	2013	2	1450	4	690	1	21040	0	0	0	0	0	0	0	0	0	0	191034	1	191035	1	191036	1	191034	1	191034	1	191036	1
	2013	高贵女法师-橙2	20	13	5	2	2014	2	1740	4	828	1	25320	0	0	0	0	0	0	0	0	0	0	191037	1	191038	1	191039	1	191037	1	191037	1	191039	1
	2014	高贵女法师-橙3	20	14	5	3	2015	2	2062	4	982	1	30080	0	0	0	0	0	0	0	0	0	0	191040	1	191041	1	191042	1	191040	1	191040	1	191042	1
	2015	高贵女法师-橙4	20	15	5	4	0	2	2416	4	1152	1	35320	0	0	0	0	0	0	0	0	0	0	0	0	0	0	0	0	0	0	0	0	0	0
	2101	胖海盗-白0	21	1	1	0	2102	0	0	0	0	0	0	0	0	0	0	0	0	0	0	0	0	191001	1	191002	1	191003	1	0	0	0	0	0	0
	2102	胖海盗-绿0	21	2	2	0	2103	2	18	4	18	1	360	0	0	0	0	0	0	0	0	0	0	191004	1	191005	1	191006	1	191004	1	0	0	0	0
	2103	胖海盗-绿1	21	3	2	1	2104	2	58	4	42	1	840	0	0	0	0	0	0	0	0	0	0	191007	1	191008	1	191009	1	191007	1	0	0	0	0
	2104	胖海盗-蓝0	21	4	3	0	2105	2	108	4	72	1	1440	0	0	0	0	0	0	0	0	0	0	191010	1	191011	1	191012	1	191010	1	191011	1	191012	1
	2105	胖海盗-蓝1	21	5	3	1	2106	2	170	4	134	1	2680	0	0	0	0	0	0	0	0	0	0	191013	1	191014	1	191015	1	191013	1	191014	1	191015	1
	2106	胖海盗-蓝2	21	6	3	2	2107	2	248	4	212	1	4240	0	0	0	0	0	0	0	0	0	0	191016	1	191017	1	191018	1	191016	1	191017	1	191018	1
	2107	胖海盗-紫0	21	7	4	0	2108	2	342	4	306	1	6120	0	0	0	0	0	0	0	0	0	0	191019	1	191020	1	191021	1	191019	1	191020	1	191021	1
	2108	胖海盗-紫1	21	8	4	1	2109	2	454	4	418	1	8360	0	0	0	0	0	0	0	0	0	0	191022	1	191023	1	191024	1	191022	1	191023	1	191024	1
	2109	胖海盗-紫2	21	9	4	2	2110	2	584	4	548	1	10960	0	0	0	0	0	0	0	0	0	0	191025	1	191026	1	191027	1	191025	1	191026	1	191027	1
	2110	胖海盗-紫3	21	10	4	3	2111	2	732	4	696	1	13920	0	0	0	0	0	0	0	0	0	0	191028	1	191029	1	191030	1	191028	1	191029	1	191030	1
	2111	胖海盗-橙0	21	11	5	0	2112	2	898	4	862	1	17240	0	0	0	0	0	0	0	0	0	0	191031	1	191032	1	191033	1	191031	1	191032	1	191033	1
	2112	胖海盗-橙1	21	12	5	1	2113	2	1088	4	1052	1	21040	0	0	0	0	0	0	0	0	0	0	191034	1	191035	1	191036	1	191034	1	191035	1	191036	1
	2113	胖海盗-橙2	21	13	5	2	2114	2	1302	4	1266	1	25320	0	0	0	0	0	0	0	0	0	0	191037	1	191038	1	191039	1	191037	1	191038	1	191039	1
	2114	胖海盗-橙3	21	14	5	3	2115	2	1540	4	1504	1	30080	0	0	0	0	0	0	0	0	0	0	191040	1	191041	1	191042	1	191040	1	191041	1	191042	1
	2115	胖海盗-橙4	21	15	5	4	0	2	1802	4	1766	1	35320	0	0	0	0	0	0	0	0	0	0	0	0	0	0	0	0	0	0	0	0	0	0
	2201	荆轲木乃伊	22	1	1	0	2202	0	0	0	0	0	0	0	0	0	0	0	0	0	0	0	0	191001	1	191002	1	191003	1	0	0	0	0	0	0
	2202	荆轲木乃伊	22	2	2	0	2203	2	18	4	18	1	360	0	0	0	0	0	0	0	0	0	0	191004	1	191005	1	191006	1	191004	1	0	0	0	0
	2203	荆轲木乃伊	22	3	2	1	2204	2	58	4	42	1	840	0	0	0	0	0	0	0	0	0	0	191007	1	191008	1	191009	1	191007	1	0	0	0	0
	2204	荆轲木乃伊	22	4	3	0	2205	2	108	4	72	1	1440	0	0	0	0	0	0	0	0	0	0	191010	1	191011	1	191012	1	191010	1	191011	1	191012	1
	2205	荆轲木乃伊	22	5	3	1	2206	2	170	4	134	1	2680	0	0	0	0	0	0	0	0	0	0	191013	1	191014	1	191015	1	191013	1	191014	1	191015	1
	2206	荆轲木乃伊	22	6	3	2	2207	2	248	4	212	1	4240	0	0	0	0	0	0	0	0	0	0	191016	1	191017	1	191018	1	191016	1	191017	1	191018	1
	2207	荆轲木乃伊	22	7	4	0	2208	2	342	4	306	1	6120	0	0	0	0	0	0	0	0	0	0	191019	1	191020	1	191021	1	191019	1	191020	1	191021	1
	2208	荆轲木乃伊	22	8	4	1	2209	2	454	4	418	1	8360	0	0	0	0	0	0	0	0	0	0	191022	1	191023	1	191024	1	191022	1	191023	1	191024	1
	2209	荆轲木乃伊	22	9	4	2	2210	2	584	4	548	1	10960	0	0	0	0	0	0	0	0	0	0	191025	1	191026	1	191027	1	191025	1	191026	1	191027	1
	2210	荆轲木乃伊	22	10	4	3	2211	2	732	4	696	1	13920	0	0	0	0	0	0	0	0	0	0	191028	1	191029	1	191030	1	191028	1	191029	1	191030	1
	2211	荆轲木乃伊	22	11	5	0	2212	2	898	4	862	1	17240	0	0	0	0	0	0	0	0	0	0	191031	1	191032	1	191033	1	191031	1	191032	1	191033	1
	2212	荆轲木乃伊	22	12	5	1	2213	2	1088	4	1052	1	21040	0	0	0	0	0	0	0	0	0	0	191034	1	191035	1	191036	1	191034	1	191035	1	191036	1
	2213	荆轲木乃伊	22	13	5	2	2214	2	1302	4	1266	1	25320	0	0	0	0	0	0	0	0	0	0	191037	1	191038	1	191039	1	191037	1	191038	1	191039	1
	2214	荆轲木乃伊	22	14	5	3	2215	2	1540	4	1504	1	30080	0	0	0	0	0	0	0	0	0	0	191040	1	191041	1	191042	1	191040	1	191041	1	191042	1
	2215	荆轲木乃伊	22	15	5	4	0	2	1802	4	1766	1	35320	0	0	0	0	0	0	0	0	0	0	0	0	0	0	0	0	0	0	0	0	0	0
	2301	链球男囚犯	23	1	1	0	2302	0	0	0	0	0	0	0	0	0	0	0	0	0	0	0	0	191001	1	191002	1	191003	1	0	0	0	0	0	0
	2302	链球男囚犯	23	2	2	0	2303	2	18	4	18	1	360	0	0	0	0	0	0	0	0	0	0	191004	1	191005	1	191006	1	191004	1	0	0	0	0
	2303	链球男囚犯	23	3	2	1	2304	2	58	4	42	1	840	0	0	0	0	0	0	0	0	0	0	191007	1	191008	1	191009	1	191007	1	0	0	0	0
	2304	链球男囚犯	23	4	3	0	2305	2	108	4	72	1	1440	0	0	0	0	0	0	0	0	0	0	191010	1	191011	1	191012	1	191010	1	191011	1	191012	1
	2305	链球男囚犯	23	5	3	1	2306	2	170	4	134	1	2680	0	0	0	0	0	0	0	0	0	0	191013	1	191014	1	191015	1	191013	1	191014	1	191015	1
	2306	链球男囚犯	23	6	3	2	2307	2	248	4	212	1	4240	0	0	0	0	0	0	0	0	0	0	191016	1	191017	1	191018	1	191016	1	191017	1	191018	1
	2307	链球男囚犯	23	7	4	0	2308	2	342	4	306	1	6120	0	0	0	0	0	0	0	0	0	0	191019	1	191020	1	191021	1	191019	1	191020	1	191021	1
	2308	链球男囚犯	23	8	4	1	2309	2	454	4	418	1	8360	0	0	0	0	0	0	0	0	0	0	191022	1	191023	1	191024	1	191022	1	191023	1	191024	1
	2309	链球男囚犯	23	9	4	2	2310	2	584	4	548	1	10960	0	0	0	0	0	0	0	0	0	0	191025	1	191026	1	191027	1	191025	1	191026	1	191027	1
	2310	链球男囚犯	23	10	4	3	2311	2	732	4	696	1	13920	0	0	0	0	0	0	0	0	0	0	191028	1	191029	1	191030	1	191028	1	191029	1	191030	1
	2311	链球男囚犯	23	11	5	0	2312	2	898	4	862	1	17240	0	0	0	0	0	0	0	0	0	0	191031	1	191032	1	191033	1	191031	1	191032	1	191033	1
	2312	链球男囚犯	23	12	5	1	2313	2	1088	4	1052	1	21040	0	0	0	0	0	0	0	0	0	0	191034	1	191035	1	191036	1	191034	1	191035	1	191036	1
	2313	链球男囚犯	23	13	5	2	2314	2	1302	4	1266	1	25320	0	0	0	0	0	0	0	0	0	0	191037	1	191038	1	191039	1	191037	1	191038	1	191039	1
	2314	链球男囚犯	23	14	5	3	2315	2	1540	4	1504	1	30080	0	0	0	0	0	0	0	0	0	0	191040	1	191041	1	191042	1	191040	1	191041	1	191042	1
	2315	链球男囚犯	23	15	5	4	0	2	1802	4	1766	1	35320	0	0	0	0	0	0	0	0	0	0	0	0	0	0	0	0	0	0	0	0	0	0
	2401	日本剑客机甲	24	1	1	0	2402	0	0	0	0	0	0	0	0	0	0	0	0	0	0	0	0	191001	1	191002	1	191003	1	0	0	0	0	0	0
	2402	日本剑客机甲	24	2	2	0	2403	2	18	4	18	1	360	0	0	0	0	0	0	0	0	0	0	191004	1	191005	1	191006	1	191004	1	0	0	0	0
	2403	日本剑客机甲	24	3	2	1	2404	2	58	4	42	1	840	0	0	0	0	0	0	0	0	0	0	191007	1	191008	1	191009	1	191007	1	0	0	0	0
	2404	日本剑客机甲	24	4	3	0	2405	2	108	4	72	1	1440	0	0	0	0	0	0	0	0	0	0	191010	1	191011	1	191012	1	191010	1	191011	1	191012	1
	2405	日本剑客机甲	24	5	3	1	2406	2	170	4	134	1	2680	0	0	0	0	0	0	0	0	0	0	191013	1	191014	1	191015	1	191013	1	191014	1	191015	1
	2406	日本剑客机甲	24	6	3	2	2407	2	248	4	212	1	4240	0	0	0	0	0	0	0	0	0	0	191016	1	191017	1	191018	1	191016	1	191017	1	191018	1
	2407	日本剑客机甲	24	7	4	0	2408	2	342	4	306	1	6120	0	0	0	0	0	0	0	0	0	0	191019	1	191020	1	191021	1	191019	1	191020	1	191021	1
	2408	日本剑客机甲	24	8	4	1	2409	2	454	4	418	1	8360	0	0	0	0	0	0	0	0	0	0	191022	1	191023	1	191024	1	191022	1	191023	1	191024	1
	2409	日本剑客机甲	24	9	4	2	2410	2	584	4	548	1	10960	0	0	0	0	0	0	0	0	0	0	191025	1	191026	1	191027	1	191025	1	191026	1	191027	1
	2410	日本剑客机甲	24	10	4	3	2411	2	732	4	696	1	13920	0	0	0	0	0	0	0	0	0	0	191028	1	191029	1	191030	1	191028	1	191029	1	191030	1
	2411	日本剑客机甲	24	11	5	0	2412	2	898	4	862	1	17240	0	0	0	0	0	0	0	0	0	0	191031	1	191032	1	191033	1	191031	1	191032	1	191033	1
	2412	日本剑客机甲	24	12	5	1	2413	2	1088	4	1052	1	21040	0	0	0	0	0	0	0	0	0	0	191034	1	191035	1	191036	1	191034	1	191035	1	191036	1
	2413	日本剑客机甲	24	13	5	2	2414	2	1302	4	1266	1	25320	0	0	0	0	0	0	0	0	0	0	191037	1	191038	1	191039	1	191037	1	191038	1	191039	1
	2414	日本剑客机甲	24	14	5	3	2415	2	1540	4	1504	1	30080	0	0	0	0	0	0	0	0	0	0	191040	1	191041	1	191042	1	191040	1	191041	1	191042	1
	2415	日本剑客机甲	24	15	5	4	0	2	1802	4	1766	1	35320	0	0	0	0	0	0	0	0	0	0	0	0	0	0	0	0	0	0	0	0	0	0
	2501	岳飞精灵	25	1	1	0	2502	0	0	0	0	0	0	0	0	0	0	0	0	0	0	0	0	191001	1	191002	1	191003	1	0	0	0	0	0	0
	2502	岳飞精灵	25	2	2	0	2503	2	18	4	18	1	360	0	0	0	0	0	0	0	0	0	0	191004	1	191005	1	191006	1	191004	1	0	0	0	0
	2503	岳飞精灵	25	3	2	1	2504	2	58	4	42	1	840	0	0	0	0	0	0	0	0	0	0	191007	1	191008	1	191009	1	191007	1	0	0	0	0
	2504	岳飞精灵	25	4	3	0	2505	2	108	4	72	1	1440	0	0	0	0	0	0	0	0	0	0	191010	1	191011	1	191012	1	191010	1	191011	1	191012	1
	2505	岳飞精灵	25	5	3	1	2506	2	170	4	134	1	2680	0	0	0	0	0	0	0	0	0	0	191013	1	191014	1	191015	1	191013	1	191014	1	191015	1
	2506	岳飞精灵	25	6	3	2	2507	2	248	4	212	1	4240	0	0	0	0	0	0	0	0	0	0	191016	1	191017	1	191018	1	191016	1	191017	1	191018	1
	2507	岳飞精灵	25	7	4	0	2508	2	342	4	306	1	6120	0	0	0	0	0	0	0	0	0	0	191019	1	191020	1	191021	1	191019	1	191020	1	191021	1
	2508	岳飞精灵	25	8	4	1	2509	2	454	4	418	1	8360	0	0	0	0	0	0	0	0	0	0	191022	1	191023	1	191024	1	191022	1	191023	1	191024	1
	2509	岳飞精灵	25	9	4	2	2510	2	584	4	548	1	10960	0	0	0	0	0	0	0	0	0	0	191025	1	191026	1	191027	1	191025	1	191026	1	191027	1
	2510	岳飞精灵	25	10	4	3	2511	2	732	4	696	1	13920	0	0	0	0	0	0	0	0	0	0	191028	1	191029	1	191030	1	191028	1	191029	1	191030	1
	2511	岳飞精灵	25	11	5	0	2512	2	898	4	862	1	17240	0	0	0	0	0	0	0	0	0	0	191031	1	191032	1	191033	1	191031	1	191032	1	191033	1
	2512	岳飞精灵	25	12	5	1	2513	2	1088	4	1052	1	21040	0	0	0	0	0	0	0	0	0	0	191034	1	191035	1	191036	1	191034	1	191035	1	191036	1
	2513	岳飞精灵	25	13	5	2	2514	2	1302	4	1266	1	25320	0	0	0	0	0	0	0	0	0	0	191037	1	191038	1	191039	1	191037	1	191038	1	191039	1
	2514	岳飞精灵	25	14	5	3	2515	2	1540	4	1504	1	30080	0	0	0	0	0	0	0	0	0	0	191040	1	191041	1	191042	1	191040	1	191041	1	191042	1
	2515	岳飞精灵	25	15	5	4	0	2	1802	4	1766	1	35320	0	0	0	0	0	0	0	0	0	0	0	0	0	0	0	0	0	0	0	0	0	0
	2601	小丑女	26	1	1	0	2602	0	0	0	0	0	0	0	0	0	0	0	0	0	0	0	0	191001	1	191002	1	191003	1	0	0	0	0	0	0
	2602	小丑女	26	2	2	0	2603	2	18	4	18	1	360	0	0	0	0	0	0	0	0	0	0	191004	1	191005	1	191006	1	191004	1	0	0	0	0
	2603	小丑女	26	3	2	1	2604	2	58	4	42	1	840	0	0	0	0	0	0	0	0	0	0	191007	1	191008	1	191009	1	191007	1	0	0	0	0
	2604	小丑女	26	4	3	0	2605	2	108	4	72	1	1440	0	0	0	0	0	0	0	0	0	0	191010	1	191011	1	191012	1	191010	1	191011	1	191012	1
	2605	小丑女	26	5	3	1	2606	2	170	4	134	1	2680	0	0	0	0	0	0	0	0	0	0	191013	1	191014	1	191015	1	191013	1	191014	1	191015	1
	2606	小丑女	26	6	3	2	2607	2	248	4	212	1	4240	0	0	0	0	0	0	0	0	0	0	191016	1	191017	1	191018	1	191016	1	191017	1	191018	1
	2607	小丑女	26	7	4	0	2608	2	342	4	306	1	6120	0	0	0	0	0	0	0	0	0	0	191019	1	191020	1	191021	1	191019	1	191020	1	191021	1
	2608	小丑女	26	8	4	1	2609	2	454	4	418	1	8360	0	0	0	0	0	0	0	0	0	0	191022	1	191023	1	191024	1	191022	1	191023	1	191024	1
	2609	小丑女	26	9	4	2	2610	2	584	4	548	1	10960	0	0	0	0	0	0	0	0	0	0	191025	1	191026	1	191027	1	191025	1	191026	1	191027	1
	2610	小丑女	26	10	4	3	2611	2	732	4	696	1	13920	0	0	0	0	0	0	0	0	0	0	191028	1	191029	1	191030	1	191028	1	191029	1	191030	1
	2611	小丑女	26	11	5	0	2612	2	898	4	862	1	17240	0	0	0	0	0	0	0	0	0	0	191031	1	191032	1	191033	1	191031	1	191032	1	191033	1
	2612	小丑女	26	12	5	1	2613	2	1088	4	1052	1	21040	0	0	0	0	0	0	0	0	0	0	191034	1	191035	1	191036	1	191034	1	191035	1	191036	1
	2613	小丑女	26	13	5	2	2614	2	1302	4	1266	1	25320	0	0	0	0	0	0	0	0	0	0	191037	1	191038	1	191039	1	191037	1	191038	1	191039	1
	2614	小丑女	26	14	5	3	2615	2	1540	4	1504	1	30080	0	0	0	0	0	0	0	0	0	0	191040	1	191041	1	191042	1	191040	1	191041	1	191042	1
	2615	小丑女	26	15	5	4	0	2	1802	4	1766	1	35320	0	0	0	0	0	0	0	0	0	0	0	0	0	0	0	0	0	0	0	0	0	0
	2701	变形金刚	27	1	1	0	2702	0	0	0	0	0	0	0	0	0	0	0	0	0	0	0	0	191001	1	191002	1	191003	1	0	0	0	0	0	0
	2702	变形金刚	27	2	2	0	2703	2	18	4	18	1	360	0	0	0	0	0	0	0	0	0	0	191004	1	191005	1	191006	1	191004	1	0	0	0	0
	2703	变形金刚	27	3	2	1	2704	2	58	4	42	1	840	0	0	0	0	0	0	0	0	0	0	191007	1	191008	1	191009	1	191007	1	0	0	0	0
	2704	变形金刚	27	4	3	0	2705	2	108	4	72	1	1440	0	0	0	0	0	0	0	0	0	0	191010	1	191011	1	191012	1	191010	1	191011	1	191012	1
	2705	变形金刚	27	5	3	1	2706	2	170	4	134	1	2680	0	0	0	0	0	0	0	0	0	0	191013	1	191014	1	191015	1	191013	1	191014	1	191015	1
	2706	变形金刚	27	6	3	2	2707	2	248	4	212	1	4240	0	0	0	0	0	0	0	0	0	0	191016	1	191017	1	191018	1	191016	1	191017	1	191018	1
	2707	变形金刚	27	7	4	0	2708	2	342	4	306	1	6120	0	0	0	0	0	0	0	0	0	0	191019	1	191020	1	191021	1	191019	1	191020	1	191021	1
	2708	变形金刚	27	8	4	1	2709	2	454	4	418	1	8360	0	0	0	0	0	0	0	0	0	0	191022	1	191023	1	191024	1	191022	1	191023	1	191024	1
	2709	变形金刚	27	9	4	2	2710	2	584	4	548	1	10960	0	0	0	0	0	0	0	0	0	0	191025	1	191026	1	191027	1	191025	1	191026	1	191027	1
	2710	变形金刚	27	10	4	3	2711	2	732	4	696	1	13920	0	0	0	0	0	0	0	0	0	0	191028	1	191029	1	191030	1	191028	1	191029	1	191030	1
	2711	变形金刚	27	11	5	0	2712	2	898	4	862	1	17240	0	0	0	0	0	0	0	0	0	0	191031	1	191032	1	191033	1	191031	1	191032	1	191033	1
	2712	变形金刚	27	12	5	1	2713	2	1088	4	1052	1	21040	0	0	0	0	0	0	0	0	0	0	191034	1	191035	1	191036	1	191034	1	191035	1	191036	1
	2713	变形金刚	27	13	5	2	2714	2	1302	4	1266	1	25320	0	0	0	0	0	0	0	0	0	0	191037	1	191038	1	191039	1	191037	1	191038	1	191039	1
	2714	变形金刚	27	14	5	3	2715	2	1540	4	1504	1	30080	0	0	0	0	0	0	0	0	0	0	191040	1	191041	1	191042	1	191040	1	191041	1	191042	1
	2715	变形金刚	27	15	5	4	0	2	1802	4	1766	1	35320	0	0	0	0	0	0	0	0	0	0	0	0	0	0	0	0	0	0	0	0	0	0
	2801	生化奇兵	28	1	1	0	2802	0	0	0	0	0	0	0	0	0	0	0	0	0	0	0	0	191001	1	191002	1	191003	1	0	0	0	0	0	0
	2802	生化奇兵	28	2	2	0	2803	2	18	4	18	1	360	0	0	0	0	0	0	0	0	0	0	191004	1	191005	1	191006	1	191004	1	0	0	0	0
	2803	生化奇兵	28	3	2	1	2804	2	58	4	42	1	840	0	0	0	0	0	0	0	0	0	0	191007	1	191008	1	191009	1	191007	1	0	0	0	0
	2804	生化奇兵	28	4	3	0	2805	2	108	4	72	1	1440	0	0	0	0	0	0	0	0	0	0	191010	1	191011	1	191012	1	191010	1	191011	1	191012	1
	2805	生化奇兵	28	5	3	1	2806	2	170	4	134	1	2680	0	0	0	0	0	0	0	0	0	0	191013	1	191014	1	191015	1	191013	1	191014	1	191015	1
	2806	生化奇兵	28	6	3	2	2807	2	248	4	212	1	4240	0	0	0	0	0	0	0	0	0	0	191016	1	191017	1	191018	1	191016	1	191017	1	191018	1
	2807	生化奇兵	28	7	4	0	2808	2	342	4	306	1	6120	0	0	0	0	0	0	0	0	0	0	191019	1	191020	1	191021	1	191019	1	191020	1	191021	1
	2808	生化奇兵	28	8	4	1	2809	2	454	4	418	1	8360	0	0	0	0	0	0	0	0	0	0	191022	1	191023	1	191024	1	191022	1	191023	1	191024	1
	2809	生化奇兵	28	9	4	2	2810	2	584	4	548	1	10960	0	0	0	0	0	0	0	0	0	0	191025	1	191026	1	191027	1	191025	1	191026	1	191027	1
	2810	生化奇兵	28	10	4	3	2811	2	732	4	696	1	13920	0	0	0	0	0	0	0	0	0	0	191028	1	191029	1	191030	1	191028	1	191029	1	191030	1
	2811	生化奇兵	28	11	5	0	2812	2	898	4	862	1	17240	0	0	0	0	0	0	0	0	0	0	191031	1	191032	1	191033	1	191031	1	191032	1	191033	1
	2812	生化奇兵	28	12	5	1	2813	2	1088	4	1052	1	21040	0	0	0	0	0	0	0	0	0	0	191034	1	191035	1	191036	1	191034	1	191035	1	191036	1
	2813	生化奇兵	28	13	5	2	2814	2	1302	4	1266	1	25320	0	0	0	0	0	0	0	0	0	0	191037	1	191038	1	191039	1	191037	1	191038	1	191039	1
	2814	生化奇兵	28	14	5	3	2815	2	1540	4	1504	1	30080	0	0	0	0	0	0	0	0	0	0	191040	1	191041	1	191042	1	191040	1	191041	1	191042	1
	2815	生化奇兵	28	15	5	4	0	2	1802	4	1766	1	35320	0	0	0	0	0	0	0	0	0	0	0	0	0	0	0	0	0	0	0	0	0	0
	2901	朋克少女	29	1	1	0	2902	0	0	0	0	0	0	0	0	0	0	0	0	0	0	0	0	191001	1	191002	1	191003	1	0	0	0	0	0	0
	2902	朋克少女	29	2	2	0	2903	2	18	4	18	1	360	0	0	0	0	0	0	0	0	0	0	191004	1	191005	1	191006	1	191004	1	0	0	0	0
	2903	朋克少女	29	3	2	1	2904	2	58	4	42	1	840	0	0	0	0	0	0	0	0	0	0	191007	1	191008	1	191009	1	191007	1	0	0	0	0
	2904	朋克少女	29	4	3	0	2905	2	108	4	72	1	1440	0	0	0	0	0	0	0	0	0	0	191010	1	191011	1	191012	1	191010	1	191010	1	191012	1
	2905	朋克少女	29	5	3	1	2906	2	194	4	110	1	2680	0	0	0	0	0	0	0	0	0	0	191013	1	191014	1	191015	1	191013	1	191013	1	191015	1
	2906	朋克少女	29	6	3	2	2907	2	302	4	158	1	4240	0	0	0	0	0	0	0	0	0	0	191016	1	191017	1	191018	1	191016	1	191016	1	191018	1
	2907	朋克少女	29	7	4	0	2908	2	432	4	216	1	6120	0	0	0	0	0	0	0	0	0	0	191019	1	191020	1	191021	1	191019	1	191019	1	191021	1
	2908	朋克少女	29	8	4	1	2909	2	586	4	286	1	8360	0	0	0	0	0	0	0	0	0	0	191022	1	191023	1	191024	1	191022	1	191022	1	191024	1
	2909	朋克少女	29	9	4	2	2910	2	764	4	368	1	10960	0	0	0	0	0	0	0	0	0	0	191025	1	191026	1	191027	1	191025	1	191025	1	191027	1
	2910	朋克少女	29	10	4	3	2911	2	966	4	462	1	13920	0	0	0	0	0	0	0	0	0	0	191028	1	191029	1	191030	1	191028	1	191028	1	191030	1
	2911	朋克少女	29	11	5	0	2912	2	1192	4	568	1	17240	0	0	0	0	0	0	0	0	0	0	191031	1	191032	1	191033	1	191031	1	191031	1	191033	1
	2912	朋克少女	29	12	5	1	2913	2	1450	4	690	1	21040	0	0	0	0	0	0	0	0	0	0	191034	1	191035	1	191036	1	191034	1	191034	1	191036	1
	2913	朋克少女	29	13	5	2	2914	2	1740	4	828	1	25320	0	0	0	0	0	0	0	0	0	0	191037	1	191038	1	191039	1	191037	1	191037	1	191039	1
	2914	朋克少女	29	14	5	3	2915	2	2062	4	982	1	30080	0	0	0	0	0	0	0	0	0	0	191040	1	191041	1	191042	1	191040	1	191040	1	191042	1
	2915	朋克少女	29	15	5	4	0	2	2416	4	1152	1	35320	0	0	0	0	0	0	0	0	0	0	0	0	0	0	0	0	0	0	0	0	0	0
	3001	军装女	30	1	1	0	3002	0	0	0	0	0	0	0	0	0	0	0	0	0	0	0	0	191001	1	191002	1	191003	1	0	0	0	0	0	0
	3002	军装女	30	2	2	0	3003	2	18	4	18	1	360	0	0	0	0	0	0	0	0	0	0	191004	1	191005	1	191006	1	191004	1	0	0	0	0
	3003	军装女	30	3	2	1	3004	2	58	4	42	1	840	0	0	0	0	0	0	0	0	0	0	191007	1	191008	1	191009	1	191007	1	0	0	0	0
	3004	军装女	30	4	3	0	3005	2	108	4	72	1	1440	0	0	0	0	0	0	0	0	0	0	191010	1	191011	1	191012	1	191010	1	191011	1	191012	1
	3005	军装女	30	5	3	1	3006	2	170	4	134	1	2680	0	0	0	0	0	0	0	0	0	0	191013	1	191014	1	191015	1	191013	1	191014	1	191015	1
	3006	军装女	30	6	3	2	3007	2	248	4	212	1	4240	0	0	0	0	0	0	0	0	0	0	191016	1	191017	1	191018	1	191016	1	191017	1	191018	1
	3007	军装女	30	7	4	0	3008	2	342	4	306	1	6120	0	0	0	0	0	0	0	0	0	0	191019	1	191020	1	191021	1	191019	1	191020	1	191021	1
	3008	军装女	30	8	4	1	3009	2	454	4	418	1	8360	0	0	0	0	0	0	0	0	0	0	191022	1	191023	1	191024	1	191022	1	191023	1	191024	1
	3009	军装女	30	9	4	2	3010	2	584	4	548	1	10960	0	0	0	0	0	0	0	0	0	0	191025	1	191026	1	191027	1	191025	1	191026	1	191027	1
	3010	军装女	30	10	4	3	3011	2	732	4	696	1	13920	0	0	0	0	0	0	0	0	0	0	191028	1	191029	1	191030	1	191028	1	191029	1	191030	1
	3011	军装女	30	11	5	0	3012	2	898	4	862	1	17240	0	0	0	0	0	0	0	0	0	0	191031	1	191032	1	191033	1	191031	1	191032	1	191033	1
	3012	军装女	30	12	5	1	3013	2	1088	4	1052	1	21040	0	0	0	0	0	0	0	0	0	0	191034	1	191035	1	191036	1	191034	1	191035	1	191036	1
	3013	军装女	30	13	5	2	3014	2	1302	4	1266	1	25320	0	0	0	0	0	0	0	0	0	0	191037	1	191038	1	191039	1	191037	1	191038	1	191039	1
	3014	军装女	30	14	5	3	3015	2	1540	4	1504	1	30080	0	0	0	0	0	0	0	0	0	0	191040	1	191041	1	191042	1	191040	1	191041	1	191042	1
	3015	军装女	30	15	5	4	0	2	1802	4	1766	1	35320	0	0	0	0	0	0	0	0	0	0	0	0	0	0	0	0	0	0	0	0	0	0
	3101	黑骑士	31	1	1	0	3102	0	0	0	0	0	0	0	0	0	0	0	0	0	0	0	0	191001	1	191002	1	191003	1	0	0	0	0	0	0
	3102	黑骑士	31	2	2	0	3103	2	18	4	18	1	360	0	0	0	0	0	0	0	0	0	0	191004	1	191005	1	191006	1	191006	1	0	0	0	0
	3103	黑骑士	31	3	2	1	3104	2	42	4	42	1	1160	0	0	0	0	0	0	0	0	0	0	191007	1	191008	1	191009	1	191009	1	0	0	0	0
	3104	黑骑士	31	4	3	0	3105	2	72	4	72	1	2160	0	0	0	0	0	0	0	0	0	0	191010	1	191011	1	191012	1	191010	1	191012	1	191012	1
	3105	黑骑士	31	5	3	1	3106	2	134	4	110	1	3880	0	0	0	0	0	0	0	0	0	0	191013	1	191014	1	191015	1	191013	1	191015	1	191015	1
	3106	黑骑士	31	6	3	2	3107	2	212	4	158	1	6040	0	0	0	0	0	0	0	0	0	0	191016	1	191017	1	191018	1	191016	1	191018	1	191018	1
	3107	黑骑士	31	7	4	0	3108	2	306	4	216	1	8640	0	0	0	0	0	0	0	0	0	0	191019	1	191020	1	191021	1	191019	1	191021	1	191021	1
	3108	黑骑士	31	8	4	1	3109	2	418	4	286	1	11720	0	0	0	0	0	0	0	0	0	0	191022	1	191023	1	191024	1	191022	1	191024	1	191024	1
	3109	黑骑士	31	9	4	2	3110	2	548	4	368	1	15280	0	0	0	0	0	0	0	0	0	0	191025	1	191026	1	191027	1	191025	1	191027	1	191027	1
	3110	黑骑士	31	10	4	3	3111	2	696	4	462	1	19320	0	0	0	0	0	0	0	0	0	0	191028	1	191029	1	191030	1	191028	1	191030	1	191030	1
	3111	黑骑士	31	11	5	0	3112	2	862	4	568	1	23840	0	0	0	0	0	0	0	0	0	0	191031	1	191032	1	191033	1	191031	1	191033	1	191033	1
	3112	黑骑士	31	12	5	1	3113	2	1052	4	690	1	29000	0	0	0	0	0	0	0	0	0	0	191034	1	191035	1	191036	1	191034	1	191036	1	191036	1
	3113	黑骑士	31	13	5	2	3114	2	1266	4	828	1	34800	0	0	0	0	0	0	0	0	0	0	191037	1	191038	1	191039	1	191037	1	191039	1	191039	1
	3114	黑骑士	31	14	5	3	3115	2	1504	4	982	1	41240	0	0	0	0	0	0	0	0	0	0	191040	1	191041	1	191042	1	191040	1	191042	1	191042	1
	3115	黑骑士	31	15	5	4	0	2	1766	4	1152	1	48320	0	0	0	0	0	0	0	0	0	0	0	0	0	0	0	0	0	0	0	0	0	0
	3201	吸血鬼	32	1	1	0	3202	0	0	0	0	0	0	0	0	0	0	0	0	0	0	0	0	191001	1	191002	1	191003	1	0	0	0	0	0	0
	3202	吸血鬼	32	2	2	0	3203	2	18	4	18	1	360	0	0	0	0	0	0	0	0	0	0	191004	1	191005	1	191006	1	191005	1	0	0	0	0
	3203	吸血鬼	32	3	2	1	3204	2	42	4	58	1	840	0	0	0	0	0	0	0	0	0	0	191007	1	191008	1	191009	1	191008	1	0	0	0	0
	3204	吸血鬼	32	4	3	0	3205	2	72	4	108	1	1440	0	0	0	0	0	0	0	0	0	0	191010	1	191011	1	191012	1	191010	1	191010	1	191012	1
	3205	吸血鬼	32	5	3	1	3206	2	158	4	146	1	2680	0	0	0	0	0	0	0	0	0	0	191013	1	191014	1	191015	1	191013	1	191013	1	191015	1
	3206	吸血鬼	32	6	3	2	3207	2	266	4	194	1	4240	0	0	0	0	0	0	0	0	0	0	191016	1	191017	1	191018	1	191016	1	191016	1	191018	1
	3207	吸血鬼	32	7	4	0	3208	2	396	4	252	1	6120	0	0	0	0	0	0	0	0	0	0	191019	1	191020	1	191021	1	191019	1	191019	1	191021	1
	3208	吸血鬼	32	8	4	1	3209	2	550	4	322	1	8360	0	0	0	0	0	0	0	0	0	0	191022	1	191023	1	191024	1	191022	1	191022	1	191024	1
	3209	吸血鬼	32	9	4	2	3210	2	728	4	404	1	10960	0	0	0	0	0	0	0	0	0	0	191025	1	191026	1	191027	1	191025	1	191025	1	191027	1
	3210	吸血鬼	32	10	4	3	3211	2	930	4	498	1	13920	0	0	0	0	0	0	0	0	0	0	191028	1	191029	1	191030	1	191028	1	191028	1	191030	1
	3211	吸血鬼	32	11	5	0	3212	2	1156	4	604	1	17240	0	0	0	0	0	0	0	0	0	0	191031	1	191032	1	191033	1	191031	1	191031	1	191033	1
	3212	吸血鬼	32	12	5	1	3213	2	1414	4	726	1	21040	0	0	0	0	0	0	0	0	0	0	191034	1	191035	1	191036	1	191034	1	191034	1	191036	1
	3213	吸血鬼	32	13	5	2	3214	2	1704	4	864	1	25320	0	0	0	0	0	0	0	0	0	0	191037	1	191038	1	191039	1	191037	1	191037	1	191039	1
	3214	吸血鬼	32	14	5	3	3215	2	2026	4	1018	1	30080	0	0	0	0	0	0	0	0	0	0	191040	1	191041	1	191042	1	191040	1	191040	1	191042	1
	3215	吸血鬼	32	15	5	4	0	2	2380	4	1188	1	35320	0	0	0	0	0	0	0	0	0	0	0	0	0	0	0	0	0	0	0	0	0	0
	3301	于成龙	33	1	1	0	3302	0	0	0	0	0	0	0	0	0	0	0	0	0	0	0	0	191001	1	191002	1	191003	1	0	0	0	0	0	0
	3302	于成龙	33	2	2	0	3303	2	18	4	18	1	360	0	0	0	0	0	0	0	0	0	0	191004	1	191005	1	191006	1	191005	1	0	0	0	0
	3303	于成龙	33	3	2	1	3304	2	42	4	58	1	840	0	0	0	0	0	0	0	0	0	0	191007	1	191008	1	191009	1	191008	1	0	0	0	0
	3304	于成龙	33	4	3	0	3305	2	72	4	108	1	1440	0	0	0	0	0	0	0	0	0	0	191010	1	191011	1	191012	1	191010	1	191010	1	191012	1
	3305	于成龙	33	5	3	1	3306	2	158	4	146	1	2680	0	0	0	0	0	0	0	0	0	0	191013	1	191014	1	191015	1	191013	1	191013	1	191015	1
	3306	于成龙	33	6	3	2	3307	2	266	4	194	1	4240	0	0	0	0	0	0	0	0	0	0	191016	1	191017	1	191018	1	191016	1	191016	1	191018	1
	3307	于成龙	33	7	4	0	3308	2	396	4	252	1	6120	0	0	0	0	0	0	0	0	0	0	191019	1	191020	1	191021	1	191019	1	191019	1	191021	1
	3308	于成龙	33	8	4	1	3309	2	550	4	322	1	8360	0	0	0	0	0	0	0	0	0	0	191022	1	191023	1	191024	1	191022	1	191022	1	191024	1
	3309	于成龙	33	9	4	2	3310	2	728	4	404	1	10960	0	0	0	0	0	0	0	0	0	0	191025	1	191026	1	191027	1	191025	1	191025	1	191027	1
	3310	于成龙	33	10	4	3	3311	2	930	4	498	1	13920	0	0	0	0	0	0	0	0	0	0	191028	1	191029	1	191030	1	191028	1	191028	1	191030	1
	3311	于成龙	33	11	5	0	3312	2	1156	4	604	1	17240	0	0	0	0	0	0	0	0	0	0	191031	1	191032	1	191033	1	191031	1	191031	1	191033	1
	3312	于成龙	33	12	5	1	3313	2	1414	4	726	1	21040	0	0	0	0	0	0	0	0	0	0	191034	1	191035	1	191036	1	191034	1	191034	1	191036	1
	3313	于成龙	33	13	5	2	3314	2	1704	4	864	1	25320	0	0	0	0	0	0	0	0	0	0	191037	1	191038	1	191039	1	191037	1	191037	1	191039	1
	3314	于成龙	33	14	5	3	3315	2	2026	4	1018	1	30080	0	0	0	0	0	0	0	0	0	0	191040	1	191041	1	191042	1	191040	1	191040	1	191042	1
	3315	于成龙	33	15	5	4	0	2	2380	4	1188	1	35320	0	0	0	0	0	0	0	0	0	0	0	0	0	0	0	0	0	0	0	0	0	0
	3401		34	1	1	0	3402	0	0	0	0	0	0	0	0	0	0	0	0	0	0	0	0	0	0	0	0	0	0	0	0	0	0	0	0
	3402		34	2	2	0	3403	2	6	4	6	1	120	0	0	0	0	0	0	0	0	0	0	0	0	0	0	0	0	0	0	0	0	0	0
	3403		34	3	2	1	3404	2	14	4	14	1	280	0	0	0	0	0	0	0	0	0	0	0	0	0	0	0	0	0	0	0	0	0	0
	3404		34	4	3	0	3405	2	24	4	24	1	480	0	0	0	0	0	0	0	0	0	0	0	0	0	0	0	0	0	0	0	0	0	0
	3405		34	5	3	1	3406	2	38	4	38	1	760	0	0	0	0	0	0	0	0	0	0	0	0	0	0	0	0	0	0	0	0	0	0
	3406		34	6	3	2	3407	2	56	4	56	1	1120	0	0	0	0	0	0	0	0	0	0	0	0	0	0	0	0	0	0	0	0	0	0
	3407		34	7	4	0	3408	2	78	4	78	1	1560	0	0	0	0	0	0	0	0	0	0	0	0	0	0	0	0	0	0	0	0	0	0
	3408		34	8	4	1	3409	2	106	4	106	1	2120	0	0	0	0	0	0	0	0	0	0	0	0	0	0	0	0	0	0	0	0	0	0
	3409		34	9	4	2	3410	2	140	4	140	1	2800	0	0	0	0	0	0	0	0	0	0	0	0	0	0	0	0	0	0	0	0	0	0
	3410		34	10	4	3	3411	2	180	4	180	1	3600	0	0	0	0	0	0	0	0	0	0	0	0	0	0	0	0	0	0	0	0	0	0
	3411		34	11	5	0	3412	2	226	4	226	1	4520	0	0	0	0	0	0	0	0	0	0	0	0	0	0	0	0	0	0	0	0	0	0
	3412		34	12	5	1	3413	2	280	4	280	1	5600	0	0	0	0	0	0	0	0	0	0	0	0	0	0	0	0	0	0	0	0	0	0
	3413		34	13	5	2	3414	2	342	4	342	1	6840	0	0	0	0	0	0	0	0	0	0	0	0	0	0	0	0	0	0	0	0	0	0
	3414		34	14	5	3	3415	2	412	4	412	1	8240	0	0	0	0	0	0	0	0	0	0	0	0	0	0	0	0	0	0	0	0	0	0
	3415		34	15	5	4	0	2	490	4	490	1	9800	0	0	0	0	0	0	0	0	0	0	0	0	0	0	0	0	0	0	0	0	0	0
	3501		35	1	1	0	3502	0	0	0	0	0	0	0	0	0	0	0	0	0	0	0	0	0	0	0	0	0	0	0	0	0	0	0	0
	3502		35	2	2	0	3503	2	6	4	6	1	120	0	0	0	0	0	0	0	0	0	0	0	0	0	0	0	0	0	0	0	0	0	0
	3503		35	3	2	1	3504	2	14	4	14	1	280	0	0	0	0	0	0	0	0	0	0	0	0	0	0	0	0	0	0	0	0	0	0
	3504		35	4	3	0	3505	2	24	4	24	1	480	0	0	0	0	0	0	0	0	0	0	0	0	0	0	0	0	0	0	0	0	0	0
	3505		35	5	3	1	3506	2	38	4	38	1	760	0	0	0	0	0	0	0	0	0	0	0	0	0	0	0	0	0	0	0	0	0	0
	3506		35	6	3	2	3507	2	56	4	56	1	1120	0	0	0	0	0	0	0	0	0	0	0	0	0	0	0	0	0	0	0	0	0	0
	3507		35	7	4	0	3508	2	78	4	78	1	1560	0	0	0	0	0	0	0	0	0	0	0	0	0	0	0	0	0	0	0	0	0	0
	3508		35	8	4	1	3509	2	106	4	106	1	2120	0	0	0	0	0	0	0	0	0	0	0	0	0	0	0	0	0	0	0	0	0	0
	3509		35	9	4	2	3510	2	140	4	140	1	2800	0	0	0	0	0	0	0	0	0	0	0	0	0	0	0	0	0	0	0	0	0	0
	3510		35	10	4	3	3511	2	180	4	180	1	3600	0	0	0	0	0	0	0	0	0	0	0	0	0	0	0	0	0	0	0	0	0	0
	3511		35	11	5	0	3512	2	226	4	226	1	4520	0	0	0	0	0	0	0	0	0	0	0	0	0	0	0	0	0	0	0	0	0	0
	3512		35	12	5	1	3513	2	280	4	280	1	5600	0	0	0	0	0	0	0	0	0	0	0	0	0	0	0	0	0	0	0	0	0	0
	3513		35	13	5	2	3514	2	342	4	342	1	6840	0	0	0	0	0	0	0	0	0	0	0	0	0	0	0	0	0	0	0	0	0	0
	3514		35	14	5	3	3515	2	412	4	412	1	8240	0	0	0	0	0	0	0	0	0	0	0	0	0	0	0	0	0	0	0	0	0	0
	3515		35	15	5	4	0	2	490	4	490	1	9800	0	0	0	0	0	0	0	0	0	0	0	0	0	0	0	0	0	0	0	0	0	0
	3601		36	1	1	0	3602	0	0	0	0	0	0	0	0	0	0	0	0	0	0	0	0	0	0	0	0	0	0	0	0	0	0	0	0
	3602		36	2	2	0	3603	2	6	4	6	1	120	0	0	0	0	0	0	0	0	0	0	0	0	0	0	0	0	0	0	0	0	0	0
	3603		36	3	2	1	3604	2	14	4	14	1	280	0	0	0	0	0	0	0	0	0	0	0	0	0	0	0	0	0	0	0	0	0	0
	3604		36	4	3	0	3605	2	24	4	24	1	480	0	0	0	0	0	0	0	0	0	0	0	0	0	0	0	0	0	0	0	0	0	0
	3605		36	5	3	1	3606	2	38	4	38	1	760	0	0	0	0	0	0	0	0	0	0	0	0	0	0	0	0	0	0	0	0	0	0
	3606		36	6	3	2	3607	2	56	4	56	1	1120	0	0	0	0	0	0	0	0	0	0	0	0	0	0	0	0	0	0	0	0	0	0
	3607		36	7	4	0	3608	2	78	4	78	1	1560	0	0	0	0	0	0	0	0	0	0	0	0	0	0	0	0	0	0	0	0	0	0
	3608		36	8	4	1	3609	2	106	4	106	1	2120	0	0	0	0	0	0	0	0	0	0	0	0	0	0	0	0	0	0	0	0	0	0
	3609		36	9	4	2	3610	2	140	4	140	1	2800	0	0	0	0	0	0	0	0	0	0	0	0	0	0	0	0	0	0	0	0	0	0
	3610		36	10	4	3	3611	2	180	4	180	1	3600	0	0	0	0	0	0	0	0	0	0	0	0	0	0	0	0	0	0	0	0	0	0
	3611		36	11	5	0	3612	2	226	4	226	1	4520	0	0	0	0	0	0	0	0	0	0	0	0	0	0	0	0	0	0	0	0	0	0
	3612		36	12	5	1	3613	2	280	4	280	1	5600	0	0	0	0	0	0	0	0	0	0	0	0	0	0	0	0	0	0	0	0	0	0
	3613		36	13	5	2	3614	2	342	4	342	1	6840	0	0	0	0	0	0	0	0	0	0	0	0	0	0	0	0	0	0	0	0	0	0
	3614		36	14	5	3	3615	2	412	4	412	1	8240	0	0	0	0	0	0	0	0	0	0	0	0	0	0	0	0	0	0	0	0	0	0
	3615		36	15	5	4	0	2	490	4	490	1	9800	0	0	0	0	0	0	0	0	0	0	0	0	0	0	0	0	0	0	0	0	0	0
	3701		37	1	1	0	3702	0	0	0	0	0	0	0	0	0	0	0	0	0	0	0	0	0	0	0	0	0	0	0	0	0	0	0	0
	3702		37	2	2	0	3703	2	6	4	6	1	120	0	0	0	0	0	0	0	0	0	0	0	0	0	0	0	0	0	0	0	0	0	0
	3703		37	3	2	1	3704	2	14	4	14	1	280	0	0	0	0	0	0	0	0	0	0	0	0	0	0	0	0	0	0	0	0	0	0
	3704		37	4	3	0	3705	2	24	4	24	1	480	0	0	0	0	0	0	0	0	0	0	0	0	0	0	0	0	0	0	0	0	0	0
	3705		37	5	3	1	3706	2	38	4	38	1	760	0	0	0	0	0	0	0	0	0	0	0	0	0	0	0	0	0	0	0	0	0	0
	3706		37	6	3	2	3707	2	56	4	56	1	1120	0	0	0	0	0	0	0	0	0	0	0	0	0	0	0	0	0	0	0	0	0	0
	3707		37	7	4	0	3708	2	78	4	78	1	1560	0	0	0	0	0	0	0	0	0	0	0	0	0	0	0	0	0	0	0	0	0	0
	3708		37	8	4	1	3709	2	106	4	106	1	2120	0	0	0	0	0	0	0	0	0	0	0	0	0	0	0	0	0	0	0	0	0	0
	3709		37	9	4	2	3710	2	140	4	140	1	2800	0	0	0	0	0	0	0	0	0	0	0	0	0	0	0	0	0	0	0	0	0	0
	3710		37	10	4	3	3711	2	180	4	180	1	3600	0	0	0	0	0	0	0	0	0	0	0	0	0	0	0	0	0	0	0	0	0	0
	3711		37	11	5	0	3712	2	226	4	226	1	4520	0	0	0	0	0	0	0	0	0	0	0	0	0	0	0	0	0	0	0	0	0	0
	3712		37	12	5	1	3713	2	280	4	280	1	5600	0	0	0	0	0	0	0	0	0	0	0	0	0	0	0	0	0	0	0	0	0	0
	3713		37	13	5	2	3714	2	342	4	342	1	6840	0	0	0	0	0	0	0	0	0	0	0	0	0	0	0	0	0	0	0	0	0	0
	3714		37	14	5	3	3715	2	412	4	412	1	8240	0	0	0	0	0	0	0	0	0	0	0	0	0	0	0	0	0	0	0	0	0	0
	3715		37	15	5	4	0	2	490	4	490	1	9800	0	0	0	0	0	0	0	0	0	0	0	0	0	0	0	0	0	0	0	0	0	0
	3801		38	1	1	0	3802	0	0	0	0	0	0	0	0	0	0	0	0	0	0	0	0	0	0	0	0	0	0	0	0	0	0	0	0
	3802		38	2	2	0	3803	2	6	4	6	1	120	0	0	0	0	0	0	0	0	0	0	0	0	0	0	0	0	0	0	0	0	0	0
	3803		38	3	2	1	3804	2	14	4	14	1	280	0	0	0	0	0	0	0	0	0	0	0	0	0	0	0	0	0	0	0	0	0	0
	3804		38	4	3	0	3805	2	24	4	24	1	480	0	0	0	0	0	0	0	0	0	0	0	0	0	0	0	0	0	0	0	0	0	0
	3805		38	5	3	1	3806	2	38	4	38	1	760	0	0	0	0	0	0	0	0	0	0	0	0	0	0	0	0	0	0	0	0	0	0
	3806		38	6	3	2	3807	2	56	4	56	1	1120	0	0	0	0	0	0	0	0	0	0	0	0	0	0	0	0	0	0	0	0	0	0
	3807		38	7	4	0	3808	2	78	4	78	1	1560	0	0	0	0	0	0	0	0	0	0	0	0	0	0	0	0	0	0	0	0	0	0
	3808		38	8	4	1	3809	2	106	4	106	1	2120	0	0	0	0	0	0	0	0	0	0	0	0	0	0	0	0	0	0	0	0	0	0
	3809		38	9	4	2	3810	2	140	4	140	1	2800	0	0	0	0	0	0	0	0	0	0	0	0	0	0	0	0	0	0	0	0	0	0
	3810		38	10	4	3	3811	2	180	4	180	1	3600	0	0	0	0	0	0	0	0	0	0	0	0	0	0	0	0	0	0	0	0	0	0
	3811		38	11	5	0	3812	2	226	4	226	1	4520	0	0	0	0	0	0	0	0	0	0	0	0	0	0	0	0	0	0	0	0	0	0
	3812		38	12	5	1	3813	2	280	4	280	1	5600	0	0	0	0	0	0	0	0	0	0	0	0	0	0	0	0	0	0	0	0	0	0
	3813		38	13	5	2	3814	2	342	4	342	1	6840	0	0	0	0	0	0	0	0	0	0	0	0	0	0	0	0	0	0	0	0	0	0
	3814		38	14	5	3	3815	2	412	4	412	1	8240	0	0	0	0	0	0	0	0	0	0	0	0	0	0	0	0	0	0	0	0	0	0
	3815		38	15	5	4	0	2	490	4	490	1	9800	0	0	0	0	0	0	0	0	0	0	0	0	0	0	0	0	0	0	0	0	0	0
	3901		39	1	1	0	3902	0	0	0	0	0	0	0	0	0	0	0	0	0	0	0	0	0	0	0	0	0	0	0	0	0	0	0	0
	3902		39	2	2	0	3903	2	6	4	6	1	120	0	0	0	0	0	0	0	0	0	0	0	0	0	0	0	0	0	0	0	0	0	0
	3903		39	3	2	1	3904	2	14	4	14	1	280	0	0	0	0	0	0	0	0	0	0	0	0	0	0	0	0	0	0	0	0	0	0
	3904		39	4	3	0	3905	2	24	4	24	1	480	0	0	0	0	0	0	0	0	0	0	0	0	0	0	0	0	0	0	0	0	0	0
	3905		39	5	3	1	3906	2	38	4	38	1	760	0	0	0	0	0	0	0	0	0	0	0	0	0	0	0	0	0	0	0	0	0	0
	3906		39	6	3	2	3907	2	56	4	56	1	1120	0	0	0	0	0	0	0	0	0	0	0	0	0	0	0	0	0	0	0	0	0	0
	3907		39	7	4	0	3908	2	78	4	78	1	1560	0	0	0	0	0	0	0	0	0	0	0	0	0	0	0	0	0	0	0	0	0	0
	3908		39	8	4	1	3909	2	106	4	106	1	2120	0	0	0	0	0	0	0	0	0	0	0	0	0	0	0	0	0	0	0	0	0	0
	3909		39	9	4	2	3910	2	140	4	140	1	2800	0	0	0	0	0	0	0	0	0	0	0	0	0	0	0	0	0	0	0	0	0	0
	3910		39	10	4	3	3911	2	180	4	180	1	3600	0	0	0	0	0	0	0	0	0	0	0	0	0	0	0	0	0	0	0	0	0	0
	3911		39	11	5	0	3912	2	226	4	226	1	4520	0	0	0	0	0	0	0	0	0	0	0	0	0	0	0	0	0	0	0	0	0	0
	3912		39	12	5	1	3913	2	280	4	280	1	5600	0	0	0	0	0	0	0	0	0	0	0	0	0	0	0	0	0	0	0	0	0	0
	3913		39	13	5	2	3914	2	342	4	342	1	6840	0	0	0	0	0	0	0	0	0	0	0	0	0	0	0	0	0	0	0	0	0	0
	3914		39	14	5	3	3915	2	412	4	412	1	8240	0	0	0	0	0	0	0	0	0	0	0	0	0	0	0	0	0	0	0	0	0	0
	3915		39	15	5	4	0	2	490	4	490	1	9800	0	0	0	0	0	0	0	0	0	0	0	0	0	0	0	0	0	0	0	0	0	0
	4001		40	1	1	0	4002	0	0	0	0	0	0	0	0	0	0	0	0	0	0	0	0	0	0	0	0	0	0	0	0	0	0	0	0
	4002		40	2	2	0	4003	2	6	4	6	1	120	0	0	0	0	0	0	0	0	0	0	0	0	0	0	0	0	0	0	0	0	0	0
	4003		40	3	2	1	4004	2	14	4	14	1	280	0	0	0	0	0	0	0	0	0	0	0	0	0	0	0	0	0	0	0	0	0	0
	4004		40	4	3	0	4005	2	24	4	24	1	480	0	0	0	0	0	0	0	0	0	0	0	0	0	0	0	0	0	0	0	0	0	0
	4005		40	5	3	1	4006	2	38	4	38	1	760	0	0	0	0	0	0	0	0	0	0	0	0	0	0	0	0	0	0	0	0	0	0
	4006		40	6	3	2	4007	2	56	4	56	1	1120	0	0	0	0	0	0	0	0	0	0	0	0	0	0	0	0	0	0	0	0	0	0
	4007		40	7	4	0	4008	2	78	4	78	1	1560	0	0	0	0	0	0	0	0	0	0	0	0	0	0	0	0	0	0	0	0	0	0
	4008		40	8	4	1	4009	2	106	4	106	1	2120	0	0	0	0	0	0	0	0	0	0	0	0	0	0	0	0	0	0	0	0	0	0
	4009		40	9	4	2	4010	2	140	4	140	1	2800	0	0	0	0	0	0	0	0	0	0	0	0	0	0	0	0	0	0	0	0	0	0
	4010		40	10	4	3	4011	2	180	4	180	1	3600	0	0	0	0	0	0	0	0	0	0	0	0	0	0	0	0	0	0	0	0	0	0
	4011		40	11	5	0	4012	2	226	4	226	1	4520	0	0	0	0	0	0	0	0	0	0	0	0	0	0	0	0	0	0	0	0	0	0
	4012		40	12	5	1	4013	2	280	4	280	1	5600	0	0	0	0	0	0	0	0	0	0	0	0	0	0	0	0	0	0	0	0	0	0
	4013		40	13	5	2	4014	2	342	4	342	1	6840	0	0	0	0	0	0	0	0	0	0	0	0	0	0	0	0	0	0	0	0	0	0
	4014		40	14	5	3	4015	2	412	4	412	1	8240	0	0	0	0	0	0	0	0	0	0	0	0	0	0	0	0	0	0	0	0	0	0
	4015		40	15	5	4	0	2	490	4	490	1	9800	0	0	0	0	0	0	0	0	0	0	0	0	0	0	0	0	0	0	0	0	0	0
