#	任务系统配置表																						
#	Id		AfterTask	Name	Desc	TaskType	ComType	ItemIcon1	Count1	ItemIcon2	Count2	ItemIcon3	Count3	ItemIcon4	Count4	Activeness	WhereToGoId	Condition1	Condition2	Condition3	Condition4	IconImage	Level
#	int		string	string	string	int	int	int	int	int	int	int	int	int	int	int	int	int	int	int	int	int	int
#	任务编号	策划备注	后置任务	任务名字	任务描述	任务类型(1主线，2支线，3每日，4成就，5隐藏任务)	完成条件类型	道具ID1	数量1	道具ID2	数量2	道具ID3	数量3	道具ID4	数量4	活跃度	跳转ID	自定义参数，根据任务类型指定的某些特定参数				任务图标	等级
	10001	对话任务	10002	UI_TASK_NAME_1	UI_TASK_DESC_1	1	1	2	23	7	2000	-1	-1	-1	-1	0	-1	1	10001	-1	-1	555015	1
	10002	对话任务	10003	UI_TASK_NAME_2	UI_TASK_DESC_2	1	1	2	29	7	2000	-1	-1	-1	-1	0	-1	1	10004	-1	-1	555015	1
	10003	通关副本1-1	10004	UI_TASK_NAME_3	UI_TASK_DESC_3	1	3	2	41	7	2000	-1	-1	-1	-1	0	101	1	117	-1	-1	555008	1
	10004	对话任务	10005	UI_TASK_NAME_4	UI_TASK_DESC_4	1	1	2	56	7	2000	-1	-1	-1	-1	0	-1	1	10008	-1	-1	555015	1
	10005	对话任务	10006	UI_TASK_NAME_5	UI_TASK_DESC_5	1	1	2	77	7	2000	-1	-1	-1	-1	0	-1	1	10010	-1	-1	555015	1
	10006	通关副本1-2	10007	UI_TASK_NAME_6	UI_TASK_DESC_6	1	3	2	103	7	2000	-1	-1	-1	-1	0	102	1	118	1	-1	555008	1
	10007	对话任务	10008	UI_TASK_NAME_7	UI_TASK_DESC_7	1	1	2	135	7	2000	-1	-1	-1	-1	0	-1	1	10013	-1	-1	555015	1
	10008	对话任务	10009	UI_TASK_NAME_8	UI_TASK_DESC_8	1	1	2	166	7	2000	-1	-1	-1	-1	0	-1	1	10015	-1	-1	555015	1
	10009	通关副本1-3	10010	UI_TASK_NAME_9	UI_TASK_DESC_9	1	3	2	198	7	2000	-1	-1	-1	-1	0	103	1	119	-1	-1	555008	1
	10010	对话任务	10011	UI_TASK_NAME_10	UI_TASK_DESC_10	1	1	2	229	7	2000	-1	-1	-1	-1	0	-1	1	10203	-1	-1	555015	1
	10011	锻造装备3次	10012	UI_TASK_NAME_11	UI_TASK_DESC_11	1	4	2	261	7	2000	-1	-1	-1	-1	0	12007	3	10001	-1	-1	555010	1
	10012	对话任务	10013	UI_TASK_NAME_12	UI_TASK_DESC_12	1	1	2	292	7	2000	-1	-1	-1	-1	0	-1	1	10017	-1	-1	555015	1
	10013	对话任务	10014	UI_TASK_NAME_13	UI_TASK_DESC_13	1	1	2	324	7	2000	-1	-1	-1	-1	0	-1	1	10020	-1	-1	555015	1
	10014	通关副本1-4	10015	UI_TASK_NAME_14	UI_TASK_DESC_14	1	3	2	355	7	2000	-1	-1	-1	-1	0	104	1	120	-1	-1	555008	1
	10015	对话任务	10016	UI_TASK_NAME_15	UI_TASK_DESC_15	1	1	2	387	7	2000	-1	-1	-1	-1	0	-1	1	10023	-1	-1	555015	1
	10016	对话任务	10017	UI_TASK_NAME_16	UI_TASK_DESC_16	1	1	191001	2	191002	2	191003	2	-1	-1	0	-1	1	10025	-1	-1	555015	1
	10017	任意英雄升阶1次	10018	UI_TASK_NAME_17	UI_TASK_DESC_17	1	6	2	450	7	3000	-1	-1	-1	-1	0	12005	1	-1	-1	-1	555013	1
	10018	通关副本1-5	10019	UI_TASK_NAME_18	UI_TASK_DESC_18	1	3	2	481	7	3000	-1	-1	-1	-1	0	105	1	121	-1	-1	555008	1
	10019	对话任务	19001	UI_TASK_NAME_19	UI_TASK_DESC_19	1	1	2	481	7	3000	-1	-1	-1	-1	0	-1	1	10027	-1	-1	555015	1
	19001	挑战一次BOSS副本	10020	UI_TASK_NAME_19001	UI_TASK_DESC_19001	1	27	2	513	7	3000	-1	-1	-1	-1	0	12020	1	-1	-1	-1	555009	1
	10020	对话任务	10021	UI_TASK_NAME_20	UI_TASK_DESC_20	1	1	2	513	7	3000	-1	-1	-1	-1	0	-1	1	10029	-1	-1	555015	1
	10021	通关副本1-6	10022	UI_TASK_NAME_21	UI_TASK_DESC_21	1	3	2	544	7	3000	-1	-1	-1	-1	0	106	1	122	-1	-1	555008	1
	10022	抽奖1次	10023|20040	UI_TASK_NAME_22	UI_TASK_DESC_22	1	15	2	576	7	3000	209401	1	-1	-1	0	3	1	-1	-1	-1	555006	1
	10023	对话任务	10024	UI_TASK_NAME_23	UI_TASK_DESC_23	1	1	2	607	7	3000	-1	-1	-1	-1	0	-1	1	10031	-1	-1	555015	1
	10024	通关副本2-1	10025	UI_TASK_NAME_24	UI_TASK_DESC_24	1	3	2	576	7	3000	-1	-1	-1	-1	0	107	1	123	-1	-1	555008	1
	10025	对话任务	10026	UI_TASK_NAME_25	UI_TASK_DESC_25	1	1	2	607	7	3000	-1	-1	-1	-1	0	-1	1	10035	-1	-1	555015	1
	10026	对话任务	10027	UI_TASK_NAME_26	UI_TASK_DESC_26	1	1	2	639	7	3000	8	1	-1	-1	0	-1	1	10038	-1	-1	555015	1
	10027	星图强化1次	10028|20008	UI_TASK_NAME_27	UI_TASK_DESC_27	1	8	2	670	7	3000	-1	-1	-1	-1	0	12014	1	-1	-1	-1	555002	1
	10028	对话任务	10029	UI_TASK_NAME_28	UI_TASK_DESC_28	1	1	2	702	7	3000	-1	-1	-1	-1	0	-1	1	10040	-1	-1	555015	1
	10029	对话任务	10030	UI_TASK_NAME_29	UI_TASK_DESC_29	1	1	2	733	7	3000	-1	-1	-1	-1	0	-1	1	10043	-1	-1	555015	1
	10030	通关副本2-2	10031	UI_TASK_NAME_30	UI_TASK_DESC_30	1	3	2	765	7	3000	-1	-1	-1	-1	0	108	1	124	-1	-1	555008	1
	10031	对话任务	10032	UI_TASK_NAME_31	UI_TASK_DESC_31	1	1	2	796	7	3000	-1	-1	-1	-1	0	-1	1	10301	-1	-1	555015	1
	10032	对话任务	10033	UI_TASK_NAME_32	UI_TASK_DESC_32	1	1	2	828	7	3000	-1	-1	-1	-1	0	-1	1	10048	-1	-1	555015	1
	10033	对话任务	19002	UI_TASK_NAME_33	UI_TASK_DESC_33	1	1	2	859	7	3000	-1	-1	-1	-1	0	-1	1	10051	-1	-1	555015	1
	19002	挑战一次风暴之塔	10034	UI_TASK_NAME_19002	UI_TASK_DESC_19002	1	28	2	891	7	3000	-1	-1	-1	-1	0	12021	1	-1	-1	-1	555015	1
	10034	对话任务	10035	UI_TASK_NAME_34	UI_TASK_DESC_34	1	1	2	891	7	3000	-1	-1	-1	-1	0	-1	1	10302	-1	-1	555015	1
	10035	对话任务	10036	UI_TASK_NAME_35	UI_TASK_DESC_35	1	1	2	922	7	3000	-1	-1	-1	-1	0	-1	1	10053	-1	-1	555015	1
	10036	对话任务	10037	UI_TASK_NAME_36	UI_TASK_DESC_36	1	1	2	954	7	3000	-1	-1	-1	-1	0	-1	1	10055	-1	-1	555015	1
	10037	通关副本2-3	10038	UI_TASK_NAME_37	UI_TASK_DESC_37	1	3	2	985	7	3000	-1	-1	-1	-1	0	109	1	125	-1	-1	555008	1
	10038	对话任务	10039	UI_TASK_NAME_38	UI_TASK_DESC_38	1	1	2	1017	7	3000	-1	-1	-1	-1	0	-1	1	10057	-1	-1	555015	1
	10039	挑战一次BOSS副本	10040	UI_TASK_NAME_19001	UI_TASK_DESC_19001	1	27	2	513	7	3000	-1	-1	-1	-1	0	12020	1	-1	-1	-1	555009	1
	10040	通关2-4	10041	UI_TASK_NAME_40	UI_TASK_DESC_40	1	3	2	1048	7	3000	-1	-1	-1	-1	0	110	1	126	-1	-1	555008	1
	10041	对话任务	10042	UI_TASK_NAME_41	UI_TASK_DESC_41	1	1	191004	2	191005	2	191006	2	-1	-1	0	-1	1	10060	-1	-1	555015	1
	10042	任意英雄升阶1次	10043|20001	UI_TASK_NAME_42	UI_TASK_DESC_42	1	6	2	1111	7	5000	-1	-1	-1	-1	0	12005	1	-1	-1	-1	555013	1
	10043	挑战一次BOSS副本	10044	UI_TASK_NAME_19001	UI_TASK_DESC_19001	1	27	2	513	7	3000	-1	-1	-1	-1	0	12020	1	-1	-1	-1	555009	1
	10044	对话任务	10045	UI_TASK_NAME_44	UI_TASK_DESC_44	1	1	2	1174	7	5000	5	60	-1	-1	0	-1	1	10063	-1	-1	555015	1
	10045	通关2-5	10046	UI_TASK_NAME_45	UI_TASK_DESC_45	1	3	2	1206	7	5000	-1	-1	-1	-1	0	111	1	127	-1	-1	555008	1
	10046	对话任务	10047	UI_TASK_NAME_46	UI_TASK_DESC_46	1	1	2	1237	7	5000	-1	-1	-1	-1	0	-1	1	10066	-1	-1	555015	1
	10047	对话任务	10048	UI_TASK_NAME_47	UI_TASK_DESC_47	1	1	2	1269	7	5000	-1	-1	-1	-1	0	-1	1	10068	-1	-1	555015	1
	10048	通关2-6	10049	UI_TASK_NAME_48	UI_TASK_DESC_48	1	3	2	1300	7	5000	-1	-1	-1	-1	0	112	1	128	-1	-1	555008	1
	10049	对话任务	10050	UI_TASK_NAME_49	UI_TASK_DESC_49	1	1	2	1332	7	5000	-1	-1	-1	-1	0	-1	1	10206	-1	-1	555015	1
	10050	对话任务	10051|20042	UI_TASK_NAME_50	UI_TASK_DESC_50	1	1	2	1363	7	5000	-1	-1	-1	-1	0	-1	1	10070	-1	-1	555015	1
	10051	通关3-1	10052	UI_TASK_NAME_51	UI_TASK_DESC_51	1	3	2	1395	7	5000	-1	-1	-1	-1	0	113	1	129	-1	-1	555008	1
	10052	对话任务	10053	UI_TASK_NAME_52	UI_TASK_DESC_52	1	1	2	1426	7	5000	-1	-1	-1	-1	0	-1	1	10075	-1	-1	555015	1
	10053	对话任务	10054	UI_TASK_NAME_53	UI_TASK_DESC_53	1	1	2	1458	7	5000	-1	-1	-1	-1	0	-1	1	10078	-1	-1	555015	1
	10054	参加一次竞技场	10055|20036	UI_TASK_NAME_82	UI_TASK_DESC_82	1	20	2	2000	7	5000	-1	-1	-1	-1	0	11007	1	-1	-1	-1	555014	1
	10055	通关3-2	10056	UI_TASK_NAME_55	UI_TASK_DESC_55	1	3	2	1521	7	5000	-1	-1	-1	-1	0	114	1	130	-1	-1	555008	1
	10056	对话任务	10057	UI_TASK_NAME_56	UI_TASK_DESC_56	1	1	2	1521	7	5000	-1	-1	-1	-1	0	-1	1	10081	-1	-1	555015	1
	10057	对话任务	10058|20018	UI_TASK_NAME_57	UI_TASK_DESC_57	1	1	2	1552	7	5000	-1	-1	-1	-1	0	-1	1	10083	-1	-1	555015	1
	10058	累计获得3个英雄	10059	UI_TASK_NAME_58	UI_TASK_DESC_58	1	9	2	1584	7	5000	-1	-1	-1	-1	0	12007	3	-1	-1	-1	555016	1
	10059	通关3-3	10060	UI_TASK_NAME_59	UI_TASK_DESC_59	1	3	2	1615	7	5000	-1	-1	-1	-1	0	115	1	131	-1	-1	555008	1
	10060	对话任务	10061	UI_TASK_NAME_60	UI_TASK_DESC_60	1	1	2	1647	7	5000	203201	10	-1	-1	0	-1	1	10087	-1	-1	555015	1
	10061	对话任务	10062	UI_TASK_NAME_61	UI_TASK_DESC_61	1	1	2	1678	7	5000	-1	-1	-1	-1	0	-1	1	10089	-1	-1	555015	1
	10062	通关3-4	10063	UI_TASK_NAME_62	UI_TASK_DESC_62	1	3	2	1710	7	5000	-1	-1	-1	-1	0	116	1	132	-1	-1	555008	1
	10063	对话任务	10064	UI_TASK_NAME_63	UI_TASK_DESC_63	1	1	2	1741	7	5000	-1	-1	-1	-1	0	-1	1	10092	-1	-1	555015	1
	10064	对话任务	10065	UI_TASK_NAME_64	UI_TASK_DESC_64	1	1	2	1773	7	5000	-1	-1	-1	-1	0	-1	1	10096	-1	-1	555015	1
	10065	挑战经验副本1次	10066	UI_TASK_NAME_65	UI_TASK_DESC_65	1	14	2	1804	7	5000	-1	-1	-1	-1	0	12016	1	-1	-1	-1	555009	1
	10066	对话任务	10067	UI_TASK_NAME_66	UI_TASK_DESC_66	1	1	2	1836	7	5000	-1	-1	-1	-1	0	-1	1	10098	-1	-1	555015	1
	10067	对话任务	10068	UI_TASK_NAME_67	UI_TASK_DESC_67	1	1	2	1867	7	5000	-1	-1	-1	-1	0	-1	1	10100	-1	-1	555015	1
	10068	挑战金币副本1次	10069	UI_TASK_NAME_68	UI_TASK_DESC_68	1	26	2	1899	7	5000	-1	-1	-1	-1	0	12016	1	-1	-1	-1	555009	1
	10069	对话任务	10070	UI_TASK_NAME_69	UI_TASK_DESC_69	1	1	2	1930	7	5000	-1	-1	-1	-1	0	-1	1	10102	-1	-1	555015	1
	10070	通关3-5	10071	UI_TASK_NAME_70	UI_TASK_DESC_70	1	3	2	1962	7	5000	-1	-1	-1	-1	0	117	1	133	-1	-1	555008	1
	10071	对话任务	10072	UI_TASK_NAME_71	UI_TASK_DESC_71	1	1	2	1993	7	5000	-1	-1	-1	-1	0	-1	1	10104	-1	-1	555015	1
	10072	对话任务	10073	UI_TASK_NAME_72	UI_TASK_DESC_72	1	1	2	2000	7	5000	-1	-1	-1	-1	0	-1	1	10107	-1	-1	555015	1
	10073	通关3-6	10074	UI_TASK_NAME_73	UI_TASK_DESC_73	1	3	2	2000	7	5000	-1	-1	-1	-1	0	118	1	134	-1	-1	555008	1
	10074	对话任务	10075	UI_TASK_NAME_74	UI_TASK_DESC_74	1	1	2	2000	7	5000	201401	20	-1	-1	0	-1	1	10111	-1	-1	555015	1
	10075	任意英雄升星1次	10076	UI_TASK_NAME_75	UI_TASK_DESC_75	1	5	2	2000	7	5000	-1	-1	-1	-1	0	12005	1	-1	-1	-1	555012	1
	10076	对话任务	10077	UI_TASK_NAME_76	UI_TASK_DESC_76	1	1	2	2000	7	5000	-1	-1	-1	-1	0	-1	1	10114	-1	-1	555015	1
	10077	抽奖1次	10078	UI_TASK_NAME_77	UI_TASK_DESC_77	1	15	2	2000	7	5000	100001	1	103001	1	0	3	1	-1	-1	-1	555006	1
	10078	任意技能镶嵌技能徽章	10079	UI_TASK_NAME_78	UI_TASK_DESC_78	1	7	2	2000	7	5000	101001	1	-1	-1	0	12005	1	-1	-1	-1	555002	30
	10079	通关4-1	10080	UI_TASK_NAME_79	UI_TASK_DESC_79	1	3	2	2000	7	5000	-1	-1	-1	-1	0	119	1	135	-1	-1	555008	30
	10080	对话任务	10081|20005	UI_TASK_NAME_80	UI_TASK_DESC_80	1	1	2	2000	7	5000	-1	-1	-1	-1	0	-1	1	10118	-1	-1	555015	30
	10081	对话任务	10082	UI_TASK_NAME_81	UI_TASK_DESC_81	1	1	2	2000	7	5000	-1	-1	-1	-1	0	-1	1	10119	-1	-1	555015	30
	10082	参加一次排位赛	10083|20046	UI_TASK_NAME_54	UI_TASK_DESC_54	1	20	2	1489	7	5000	-1	-1	-1	-1	0	11007	1	-1	-1	-1	555014	30
	10083	通关4-2	10084	UI_TASK_NAME_83	UI_TASK_DESC_83	1	3	2	2000	7	5000	-1	-1	-1	-1	0	120	1	136	-1	-1	555008	30
	10084	对话任务	10085	UI_TASK_NAME_84	UI_TASK_DESC_84	1	1	2	2000	7	5000	-1	-1	-1	-1	0	-1	1	10123	-1	-1	555015	30
	10085	对话任务	10086	UI_TASK_NAME_85	UI_TASK_DESC_85	1	1	2	2000	7	5000	-1	-1	-1	-1	0	-1	1	10124	-1	-1	555015	30
	10086	对话任务	10087	UI_TASK_NAME_86	UI_TASK_DESC_86	1	1	2	2000	7	5000	-1	-1	-1	-1	0	-1	1	10127	-1	-1	555015	30
	10087	通关4-3	10088	UI_TASK_NAME_87	UI_TASK_DESC_87	1	3	2	2000	7	5000	-1	-1	-1	-1	0	121	1	137	-1	-1	555008	30
	10088	对话任务	10089|30001|30002|30003|30004|30005|30006|30007|30008|30009|30010|30011|30012|30013|30014	UI_TASK_NAME_88	UI_TASK_DESC_88	1	1	2	2000	7	5000	-1	-1	-1	-1	0	-1	1	10130	-1	-1	555015	30
	10089	对话任务	10090	UI_TASK_NAME_89	UI_TASK_DESC_89	1	1	191004	2	191005	2	191006	2	-1	-1	0	-1	1	10131	-1	-1	555015	30
	10090	任意英雄升阶1次	10091	UI_TASK_NAME_90	UI_TASK_DESC_90	1	6	2	2000	7	5000	-1	-1	-1	-1	0	12005	1	-1	-1	-1	555013	30
	10091	对话任务	10092	UI_TASK_NAME_91	UI_TASK_DESC_91	1	1	2	2000	7	5000	-1	-1	-1	-1	0	-1	1	10133	-1	-1	555015	30
	10092	对话任务	10093	UI_TASK_NAME_92	UI_TASK_DESC_92	1	1	2	2000	7	5000	-1	-1	-1	-1	0	-1	1	10135	-1	-1	555015	30
	10093	通关4-4	10094	UI_TASK_NAME_93	UI_TASK_DESC_93	1	3	2	2000	7	5000	-1	-1	-1	-1	0	122	1	138	-1	-1	555008	30
	10094	对话任务	10095	UI_TASK_NAME_94	UI_TASK_DESC_94	1	1	2	2000	7	5000	-1	-1	-1	-1	0	-1	1	10136	-1	-1	555015	30
	10095	对话任务	10096	UI_TASK_NAME_95	UI_TASK_DESC_95	1	1	2	2000	7	5000	-1	-1	-1	-1	0	-1	1	10138	-1	-1	555015	30
	10096	通关4-5	10097	UI_TASK_NAME_96	UI_TASK_DESC_96	1	3	2	2000	7	30000	-1	-1	-1	-1	0	123	1	139	-1	-1	555008	30
	10097	任意英雄装备强化3次	10098	UI_TASK_NAME_97	UI_TASK_DESC_97	1	4	2	2000	7	5000	-1	-1	-1	-1	0	12007	3	-1	-1	-1	555010	30
	10098	对话任务	10099	UI_TASK_NAME_98	UI_TASK_DESC_98	1	1	2	2000	7	5000	-1	-1	-1	-1	0	-1	1	10141	-1	-1	555015	30
	10099	对话任务	10100	UI_TASK_NAME_99	UI_TASK_DESC_99	1	1	2	2000	7	5000	-1	-1	-1	-1	0	-1	1	10143	-1	-1	555015	30
	10100	通关4-6	10101	UI_TASK_NAME_100	UI_TASK_DESC_100	1	3	2	2000	7	5000	8	3	-1	-1	0	124	1	140	-1	-1	555008	30
	10101	星图强化3次	10102	UI_TASK_NAME_101	UI_TASK_DESC_101	1	8	2	2000	7	5000	-1	-1	-1	-1	0	12014	3	-1	-1	-1	555002	30
	10102	对话任务	10103	UI_TASK_NAME_102	UI_TASK_DESC_102	1	1	2	2000	7	5000	-1	-1	-1	-1	0	-1	1	10146	-1	-1	555015	30
	10103	对话任务	10104	UI_TASK_NAME_103	UI_TASK_DESC_103	1	1	2	2000	7	5000	-1	-1	-1	-1	0	-1	1	10148	-1	-1	555015	30
	10104	通关5-1	10105	UI_TASK_NAME_104	UI_TASK_DESC_104	1	3	2	2000	7	5000	209433	1	-1	-1	0	125	1	141	-1	-1	555008	35
	10105	激活4个英雄	10106	UI_TASK_NAME_105	UI_TASK_DESC_105	1	9	2	2000	7	5000	-1	-1	-1	-1	0	12005	4	-1	-1	-1	555016	35
	10106	对话任务	10107	UI_TASK_NAME_106	UI_TASK_DESC_106	1	1	2	2000	7	5000	-1	-1	-1	-1	0	-1	1	10150	-1	-1	555015	35
	10107	通关5-2	10108	UI_TASK_NAME_107	UI_TASK_DESC_107	1	3	2	2000	7	5000	-1	-1	-1	-1	0	126	1	142	-1	-1	555008	35
	10108	对话任务	10109	UI_TASK_NAME_108	UI_TASK_DESC_108	1	1	2	2000	7	5000	-1	-1	-1	-1	0	-1	1	10152	-1	-1	555015	35
	10109	对话任务	10110	UI_TASK_NAME_109	UI_TASK_DESC_109	1	1	2	2000	7	5000	-1	-1	-1	-1	0	-1	1	10153	-1	-1	555015	35
	10110	通关5-3	10111	UI_TASK_NAME_110	UI_TASK_DESC_110	1	3	2	2000	7	5000	-1	-1	-1	-1	0	127	1	143	-1	-1	555008	35
	10111	对话任务	10112	UI_TASK_NAME_111	UI_TASK_DESC_111	1	1	2	2000	7	5000	-1	-1	-1	-1	0	-1	1	10154	-1	-1	555015	35
	10112	对话任务	10113	UI_TASK_NAME_112	UI_TASK_DESC_112	1	1	2	2000	7	5000	-1	-1	-1	-1	0	-1	1	10156	-1	-1	555015	35
	10113	通关5-4	10114	UI_TASK_NAME_113	UI_TASK_DESC_113	1	3	2	2000	7	5000	-1	-1	-1	-1	0	128	1	144	-1	-1	555008	35
	10114	对话任务	10115	UI_TASK_NAME_114	UI_TASK_DESC_114	1	1	2	2000	7	5000	-1	-1	-1	-1	0	-1	1	10159	-1	-1	555015	35
	10115	对话任务	10116	UI_TASK_NAME_115	UI_TASK_DESC_115	1	1	2	2000	7	5000	-1	-1	-1	-1	0	-1	1	10195	-1	-1	555015	35
	10116	通关5-5	10117	UI_TASK_NAME_116	UI_TASK_DESC_116	1	3	2	2000	7	5000	-1	-1	-1	-1	0	129	1	145	-1	-1	555008	35
	10117	对话任务	10118	UI_TASK_NAME_117	UI_TASK_DESC_117	1	1	2	2000	7	5000	-1	-1	-1	-1	0	-1	1	10161	-1	-1	555015	35
	10118	对话任务	10119	UI_TASK_NAME_118	UI_TASK_DESC_118	1	1	2	2000	7	5000	-1	-1	-1	-1	0	-1	1	10164	-1	-1	555015	35
	10119	通关5-6	10120	UI_TASK_NAME_119	UI_TASK_DESC_119	1	3	2	2000	7	5000	-1	-1	-1	-1	0	130	1	146	-1	-1	555008	35
	10120	对话任务	10121	UI_TASK_NAME_120	UI_TASK_DESC_120	1	1	2	2000	7	5000	-1	-1	-1	-1	0	-1	1	10166	-1	-1	555015	35
	10121	对话任务	10122	UI_TASK_NAME_121	UI_TASK_DESC_121	1	1	2	2000	7	5000	-1	-1	-1	-1	0	-1	1	10169	-1	-1	555015	35
	10122	通关6-1	10123	UI_TASK_NAME_122	UI_TASK_DESC_122	1	3	2	2000	7	5000	-1	-1	-1	-1	0	131	1	147	-1	-1	555008	35
	10123	对话任务	10124	UI_TASK_NAME_123	UI_TASK_DESC_123	1	1	2	2000	7	5000	-1	-1	-1	-1	0	-1	1	10171	-1	-1	555015	35
	10124	对话任务	10125	UI_TASK_NAME_124	UI_TASK_DESC_124	1	1	2	2000	7	5000	-1	-1	-1	-1	0	-1	1	10173	-1	-1	555015	35
	10125	通关6-2	10126	UI_TASK_NAME_125	UI_TASK_DESC_125	1	3	2	2000	7	5000	8	2	-1	-1	0	132	1	148	-1	-1	555008	35
	10126	星图2次	10127	UI_TASK_NAME_126	UI_TASK_DESC_126	1	8	2	2000	7	5000	-1	-1	-1	-1	0	12014	2	-1	-1	-1	555002	35
	10127	对话任务	10128	UI_TASK_NAME_127	UI_TASK_DESC_127	1	1	2	2000	7	5000	-1	-1	-1	-1	0	-1	1	10176	-1	-1	555015	35
	10128	对话任务	10129	UI_TASK_NAME_128	UI_TASK_DESC_128	1	1	2	2000	7	5000	-1	-1	-1	-1	0	-1	1	10178	-1	-1	555015	35
	10129	通关6-3	10130	UI_TASK_NAME_129	UI_TASK_DESC_129	1	3	2	2000	7	5000	-1	-1	-1	-1	0	133	1	149	-1	-1	555008	35
	10130	对话任务	10131	UI_TASK_NAME_130	UI_TASK_DESC_130	1	1	2	2000	7	5000	-1	-1	-1	-1	0	-1	1	10181	-1	-1	555015	35
	10131	对话任务	10132	UI_TASK_NAME_131	UI_TASK_DESC_131	1	1	2	2000	7	5000	-1	-1	-1	-1	0	-1	1	10183	-1	-1	555015	35
	10132	通关6-4	10133	UI_TASK_NAME_132	UI_TASK_DESC_132	1	3	2	2000	7	5000	-1	-1	-1	-1	0	134	1	150	-1	-1	555008	35
	10133	对话任务	10134	UI_TASK_NAME_133	UI_TASK_DESC_133	1	1	2	2000	7	5000	-1	-1	-1	-1	0	-1	1	10186	-1	-1	555015	35
	10134	对话任务	10135	UI_TASK_NAME_134	UI_TASK_DESC_134	1	1	2	2000	7	5000	-1	-1	-1	-1	0	-1	1	10188	-1	-1	555015	35
	10135	通关6-5	10136	UI_TASK_NAME_135	UI_TASK_DESC_135	1	3	2	2000	7	5000	-1	-1	-1	-1	0	135	1	151	-1	-1	555008	35
	10136	对话任务	10137	UI_TASK_NAME_136	UI_TASK_DESC_136	1	1	2	2000	7	5000	-1	-1	-1	-1	0	-1	1	10191	-1	-1	555015	35
	10137	对话任务	10138	UI_TASK_NAME_137	UI_TASK_DESC_137	1	1	2	2000	7	5000	-1	-1	-1	-1	0	-1	1	10193	-1	-1	555015	35
	10138	通关6-6	10139	UI_TASK_NAME_138	UI_TASK_DESC_138	1	3	191007	2	191008	2	191009	2	-1	-1	0	136	1	152	-1	-1	555008	35
	10139	任意英雄升阶1次	10140	UI_TASK_NAME_139	UI_TASK_DESC_139	1	6	2	7955	7	3000	-1	-1	-1	-1	0	12005	1	-1	-1	-1	555013	35
	10140	收集13个英雄	null	UI_TASK_NAME_140	UI_TASK_DESC_140	1	9	2	8018	7	8000	-1	-1	-1	-1	0	12005	13	-1	-1	-1	555016	35
	20001	任意英雄进阶到2阶	20002|20021	UI_SIDE_TASK_NAME_1	UI_SIDE_TASK_DESC_1	2	6	2	1000	7	8000	-1	-1	-1	-1	0	12005	1	2	-1	-1	555013	1
	20002	任意英雄进阶到3阶	20003	UI_SIDE_TASK_NAME_2	UI_SIDE_TASK_DESC_2	2	6	2	1000	7	8000	-1	-1	-1	-1	0	12005	1	3	-1	-1	555013	1
	20003	任意英雄进阶到4阶	20004	UI_SIDE_TASK_NAME_3	UI_SIDE_TASK_DESC_3	2	6	2	1000	7	8000	-1	-1	-1	-1	0	12005	1	4	-1	-1	555013	1
	20004	任意英雄进阶到5阶	null	UI_SIDE_TASK_NAME_4	UI_SIDE_TASK_DESC_4	2	6	2	1000	7	8000	-1	-1	-1	-1	0	12005	1	5	-1	-1	555013	1
	20005	英雄任一技能装备1个徽章	20006	UI_SIDE_TASK_NAME_5	UI_SIDE_TASK_DESC_5	2	7	2	1000	7	8000	-1	-1	-1	-1	0	12005	1	-1	-1	-1	555003	1
	20006	英雄任一技能装备2个徽章	20007	UI_SIDE_TASK_NAME_6	UI_SIDE_TASK_DESC_6	2	7	2	1000	7	8000	-1	-1	-1	-1	0	12005	2	-1	-1	-1	555003	1
	20007	英雄任一技能装备3个徽章	null	UI_SIDE_TASK_NAME_7	UI_SIDE_TASK_DESC_7	2	7	2	1000	7	8000	-1	-1	-1	-1	0	12005	3	-1	-1	-1	555003	1
	20008	星图激活1次	20009	UI_SIDE_TASK_NAME_8	UI_SIDE_TASK_DESC_8	2	8	2	1000	7	8000	-1	-1	-1	-1	0	12014	1	-1	-1	-1	555002	1
	20009	星图激活3次	20010	UI_SIDE_TASK_NAME_9	UI_SIDE_TASK_DESC_9	2	8	2	1000	7	8000	-1	-1	-1	-1	0	12014	3	-1	-1	-1	555002	1
	20010	星图激活5次	20011	UI_SIDE_TASK_NAME_10	UI_SIDE_TASK_DESC_10	2	8	2	1000	7	8000	-1	-1	-1	-1	0	12014	5	-1	-1	-1	555002	1
	20011	星图激活10次	20012	UI_SIDE_TASK_NAME_11	UI_SIDE_TASK_DESC_11	2	8	2	1000	7	8000	-1	-1	-1	-1	0	12014	10	-1	-1	-1	555002	1
	20012	星图激活15次	20013	UI_SIDE_TASK_NAME_12	UI_SIDE_TASK_DESC_12	2	8	2	1000	7	8000	-1	-1	-1	-1	0	12014	15	-1	-1	-1	555002	1
	20013	星图激活20次	20014	UI_SIDE_TASK_NAME_13	UI_SIDE_TASK_DESC_13	2	8	2	1000	7	8000	-1	-1	-1	-1	0	12014	20	-1	-1	-1	555002	1
	20014	星图激活30次	20015	UI_SIDE_TASK_NAME_14	UI_SIDE_TASK_DESC_14	2	8	2	1000	7	8000	-1	-1	-1	-1	0	12014	30	-1	-1	-1	555002	1
	20015	星图激活40次	20016	UI_SIDE_TASK_NAME_15	UI_SIDE_TASK_DESC_15	2	8	2	1000	7	8000	-1	-1	-1	-1	0	12014	40	-1	-1	-1	555002	1
	20016	星图激活50次	20017	UI_SIDE_TASK_NAME_16	UI_SIDE_TASK_DESC_16	2	8	2	1000	7	8000	-1	-1	-1	-1	0	12014	50	-1	-1	-1	555002	1
	20017	星图激活100次	null	UI_SIDE_TASK_NAME_17	UI_SIDE_TASK_DESC_17	2	8	2	1000	7	8000	-1	-1	-1	-1	0	12014	100	-1	-1	-1	555002	1
	20018	收集任意3个英雄	20019	UI_SIDE_TASK_NAME_18	UI_SIDE_TASK_DESC_18	2	9	2	1000	7	10000	-1	-1	-1	-1	0	12005	3	-1	-1	-1	555016	1
	20019	收集任意6个英雄	20020	UI_SIDE_TASK_NAME_19	UI_SIDE_TASK_DESC_19	2	9	2	1000	7	10000	-1	-1	-1	-1	0	12005	6	-1	-1	-1	555016	1
	20020	收集任意9个英雄	null	UI_SIDE_TASK_NAME_20	UI_SIDE_TASK_DESC_20	2	9	2	1000	7	8000	-1	-1	-1	-1	0	12005	9	-1	-1	-1	555016	1
	20021	拥有1个3星英雄	20022	UI_SIDE_TASK_NAME_21	UI_SIDE_TASK_DESC_21	2	10	2	1000	7	10000	-1	-1	-1	-1	0	12005	1	3	-1	-1	555016	1
	20022	拥有2个3星英雄	20023	UI_SIDE_TASK_NAME_22	UI_SIDE_TASK_DESC_22	2	10	2	1000	7	10000	-1	-1	-1	-1	0	12005	2	3	-1	-1	555016	1
	20023	拥有3个3星英雄	20024	UI_SIDE_TASK_NAME_23	UI_SIDE_TASK_DESC_23	2	10	2	1000	7	10000	-1	-1	-1	-1	0	12005	3	3	-1	-1	555016	1
	20024	拥有1个4星英雄	20025	UI_SIDE_TASK_NAME_24	UI_SIDE_TASK_DESC_24	2	10	2	1000	7	10000	-1	-1	-1	-1	0	12005	1	4	-1	-1	555016	1
	20025	拥有2个4星英雄	20026	UI_SIDE_TASK_NAME_25	UI_SIDE_TASK_DESC_25	2	10	2	1000	7	10000	-1	-1	-1	-1	0	12005	2	4	-1	-1	555016	1
	20026	拥有3个4星英雄	20027	UI_SIDE_TASK_NAME_26	UI_SIDE_TASK_DESC_26	2	10	2	1000	7	10000	-1	-1	-1	-1	0	12005	3	4	-1	-1	555016	1
	20027	拥有1个5星英雄	20028	UI_SIDE_TASK_NAME_27	UI_SIDE_TASK_DESC_27	2	10	2	1000	7	10000	-1	-1	-1	-1	0	12005	1	5	-1	-1	555016	1
	20028	拥有2个5星英雄	20029	UI_SIDE_TASK_NAME_28	UI_SIDE_TASK_DESC_28	2	10	2	1000	7	10000	-1	-1	-1	-1	0	12005	2	5	-1	-1	555016	1
	20029	拥有3个5星英雄	null	UI_SIDE_TASK_NAME_29	UI_SIDE_TASK_DESC_29	2	10	2	1000	7	8000	-1	-1	-1	-1	0	12005	3	5	-1	-1	555016	1
	20030	好友数量达到3人	20031|20034	UI_SIDE_TASK_NAME_30	UI_SIDE_TASK_DESC_30	2	11	2	1000	7	10000	-1	-1	-1	-1	0	12013	3	-1	-1	-1	555001	1
	20031	好友数量达到10人	20032	UI_SIDE_TASK_NAME_31	UI_SIDE_TASK_DESC_31	2	11	2	1000	7	10000	-1	-1	-1	-1	0	12013	10	-1	-1	-1	555001	1
	20032	好友数量达到20人	20033	UI_SIDE_TASK_NAME_32	UI_SIDE_TASK_DESC_32	2	11	2	1000	7	10000	-1	-1	-1	-1	0	12013	20	-1	-1	-1	555001	1
	20033	好友数量达到30人	null	UI_SIDE_TASK_NAME_33	UI_SIDE_TASK_DESC_33	2	11	2	1000	7	8000	-1	-1	-1	-1	0	12013	30	-1	-1	-1	555001	1
	20034	赠送好友体力1次	20035	UI_SIDE_TASK_NAME_34	UI_SIDE_TASK_DESC_34	2	12	2	1000	7	10000	-1	-1	-1	-1	0	12013	1	-1	-1	-1	555001	1
	20035	赠送好友体力5次	null	UI_SIDE_TASK_NAME_35	UI_SIDE_TASK_DESC_35	2	12	2	1000	7	10000	-1	-1	-1	-1	0	12013	5	-1	-1	-1	555001	1
	20036	累计完成PVP1次	20037	UI_SIDE_TASK_NAME_36	UI_SIDE_TASK_DESC_36	2	13	2	1000	7	10000	-1	-1	-1	-1	0	12018	1	-1	-1	-1	555014	1
	20037	累计完成PVP5次	20038	UI_SIDE_TASK_NAME_37	UI_SIDE_TASK_DESC_37	2	13	2	1000	7	10000	-1	-1	-1	-1	0	12018	5	-1	-1	-1	555014	1
	20038	参加经验副本1次	20039	UI_SIDE_TASK_NAME_38	UI_SIDE_TASK_DESC_38	2	14	2	1000	7	10000	-1	-1	-1	-1	0	12012	1	-1	-1	-1	555014	1
	20039	参加经验副本5次	null	UI_SIDE_TASK_NAME_39	UI_SIDE_TASK_DESC_39	2	14	2	1000	7	8000	-1	-1	-1	-1	0	12012	5	-1	-1	-1	555014	1
	20040	累计抽奖1次	20041	UI_SIDE_TASK_NAME_40	UI_SIDE_TASK_DESC_40	2	15	2	1000	7	10000	-1	-1	-1	-1	0	11003	1	-1	-1	-1	555006	1
	20041	累计抽奖10次	null	UI_SIDE_TASK_NAME_41	UI_SIDE_TASK_DESC_41	2	15	2	1000	7	8000	-1	-1	-1	-1	0	11003	10	-1	-1	-1	555006	1
	20042	商城任意购买1次道具	20043	UI_SIDE_TASK_NAME_42	UI_SIDE_TASK_DESC_42	2	19	2	1000	7	10000	-1	-1	-1	-1	0	2	1	-1	-1	-1	555001	1
	20043	商城任意购买3次道具	20044	UI_SIDE_TASK_NAME_43	UI_SIDE_TASK_DESC_43	2	19	2	1000	7	10000	-1	-1	-1	-1	0	2	3	-1	-1	-1	555001	1
	20044	商城任意购买5次道具	20045	UI_SIDE_TASK_NAME_44	UI_SIDE_TASK_DESC_44	2	19	2	1000	7	10000	-1	-1	-1	-1	0	2	5	-1	-1	-1	555001	1
	20045	商城任意购买10次道具	null	UI_SIDE_TASK_NAME_45	UI_SIDE_TASK_DESC_45	2	19	2	1000	7	8000	-1	-1	-1	-1	0	2	10	-1	-1	-1	555001	1
	20046	完成10次数排位赛	null	UI_SIDE_TASK_NAME_46	UI_SIDE_TASK_DESC_46	2	20	2	1000	7	8000	-1	-1	-1	-1	0	11007	10	-1	-1	-1	555014	1
	30001	每日登陆	null	UI_TEXT_TASK_DAY	UI_DAY_TASK_DESC_1	3	21	2	300	7	5000	-1	-1	-1	-1	5	2	-1	-1	-1	-1	555001	1
	30002	累计在线	null	UI_TEXT_TASK_DAY	UI_DAY_TASK_DESC_2	3	22	2	300	7	5000	-1	-1	-1	-1	10	-1	30	-1	-1	-1	555001	1
	30003	锻造装备一次	null	UI_TEXT_TASK_DAY	UI_DAY_TASK_DESC_3	3	4	2	900	7	5000	-1	-1	-1	-1	10	12007	1	-1	-1	-1	555011	1
	30004	通关或扫荡副本10次	null	UI_TEXT_TASK_DAY	UI_DAY_TASK_DESC_4	3	23	2	200	7	5000	-1	-1	-1	-1	10	12011	10	-1	-1	-1	555015	1
	30005	抽奖1次	null	UI_TEXT_TASK_DAY	UI_DAY_TASK_DESC_5	3	15	2	200	7	5000	-1	-1	-1	-1	10	11003	1	-1	-1	-1	555007	1
	30006	购买金币1次	null	UI_TEXT_TASK_DAY	UI_DAY_TASK_DESC_6	3	17	2	200	7	5000	-1	-1	-1	-1	5	11006	1	-1	-1	-1	555004	1
	30007	购买体力1次	null	UI_TEXT_TASK_DAY	UI_DAY_TASK_DESC_7	3	16	2	200	7	5000	-1	-1	-1	-1	5	11005	1	-1	-1	-1	555005	1
	30008	进行一次PVP挑战	null	UI_TEXT_TASK_DAY	UI_DAY_TASK_DESC_8	3	13	2	100	7	5000	-1	-1	-1	-1	5	12018	1	-1	-1	-1	555014	1
	30009	获得一次PVP挑战胜利	null	UI_TEXT_TASK_DAY	UI_DAY_TASK_DESC_9	3	24	2	300	7	5000	-1	-1	-1	-1	10	12018	1	-1	-1	-1	555014	1
	30010	挑战任意活动关卡2次（金币/经验副本）	null	UI_TEXT_TASK_DAY	UI_DAY_TASK_DESC_10	3	25	2	100	7	5000	-1	-1	-1	-1	10	12015	2	-1	-1	-1	555009	1
	30011	挑战2次排位赛	null	UI_TEXT_TASK_DAY	UI_DAY_TASK_DESC_11	3	20	2	200	7	5000	-1	-1	-1	-1	10	11007	2	-1	-1	-1	555009	1
	30012	好友赠送体力两次	null	UI_TEXT_TASK_DAY	UI_DAY_TASK_DESC_12	3	12	2	200	7	5000	-1	-1	-1	-1	10	12013	2	-1	-1	-1	555005	1
	30013	参与一次BOSS副本	null	UI_TEXT_TASK_DAY	UI_DAY_TASK_DESC_13	3	27	2	400	7	5000	-1	-1	-1	-1	10	12020	1	-1	-1	-1	555009	1
	30014	领取一次爬塔奖励	null	UI_TEXT_TASK_DAY	UI_DAY_TASK_DESC_14	3	28	2	400	7	5000	-1	-1	-1	-1	10	12021	1	-1	-1	-1	555009	1
